rk,player,class,height,height_in,team,old_team,min_pct,prpg,bpm,obpm,dbpm,ortg,usg,efg,ts,oreb_pct,dreb_pct,ast_pct,to_pct,blk_pct,stl_pct,ftr,fgm2,fga2,two_pct,three_per100,fgm3,fga3,three_pct
1,Colby Garland,Jr,6-0,72,Georgia Tech,San Jose St.,77.2,5.3,4.4,5.5,-1.1,118.4,29.5,52.5,58.0,1.9,10.1,31.9,12.5,0.1,2.0,36.1,170,329,0.517,5.6,34,92,0.37
2,Juke Harris,So,6-7,79,Tennessee,Wake Forest,86.9,5.0,5.9,5.9,0.1,117.7,27.3,52.7,58.1,4.3,17.6,11.6,10.0,0.7,2.1,47.2,147,265,0.555,12.3,87,262,0.332
3,John Blackwell,Jr,6-4,76,Duke,Wisconsin,80.8,4.9,6.7,5.6,1.1,119.3,25.6,53.4,59.3,4.1,13.1,13.3,11.3,0.3,1.9,39.9,102,214,0.477,12.5,96,247,0.389
4,Paulius Murauskas,Jr,6-8,80,Arizona St.,Saint Mary's,81.4,4.9,6.7,4.5,2.2,121.6,26.6,52.1,58.9,7.6,19.5,14.2,13.0,1.9,1.0,47.7,161,302,0.533,6.2,34,105,0.324
5,Isaiah Johnson,Fr,6-1,73,Texas,Colorado,73.4,4.8,6.7,6.4,0.3,126.0,23.7,57.1,63.4,3.2,7.7,18.6,11.3,0.1,1.9,58.6,106,185,0.573,8.6,56,148,0.378
6,Jack Karasinski,Jr,6-7,79,Northwestern,Bellarmine,74.2,4.8,3.3,7.9,-4.6,129.5,29.2,65.5,69.3,5.0,15.7,8.6,9.9,1.3,1.2,50.8,141,207,0.681,11.5,71,171,0.415
7,Cruz Davis,Sr,6-3,75,Texas Tech,Hofstra,95.6,4.4,4.2,3.5,0.8,115.8,27.2,50.7,55.6,1.2,8.7,26.4,14.7,1.0,1.7,31.9,147,327,0.45,9.2,77,191,0.403
8,Flory Bidunga,So,6-9,81,Louisville,Kansas,78.3,4.4,9.3,4.3,5.1,123.4,19.6,64.0,64.7,11.2,18.4,9.7,14.6,9.0,1.4,34.7,197,306,0.644,0.1,0,2,0.0
9,Ryan Prather Jr.,Jr,6-5,77,Iowa St.,Robert Morris,85.2,4.3,5.0,4.9,0.0,132.2,20.6,54.7,57.8,5.0,8.4,20.4,7.1,0.2,1.5,21.1,89,173,0.514,12.4,84,220,0.382
10,PJ Haggerty,Jr,6-4,76,Texas A&M,Kansas St.,85.2,4.3,3.2,3.5,-0.4,107.0,32.0,52.5,55.7,3.9,12.8,22.9,15.9,0.1,1.8,36.8,231,440,0.525,5.7,40,114,0.351
11,Dra Gibbs-Lawhorn,Jr,6-1,73,Texas Tech,UNLV,85.2,4.3,5.2,5.3,-0.1,116.6,25.6,59.1,62.1,1.6,9.0,15.7,15.4,1.7,2.3,24.8,153,268,0.571,11.5,98,240,0.408
12,Daniel Freitag,So,6-2,74,Oregon St.,Buffalo,58.2,4.3,3.8,4.8,-1.0,118.8,29.1,50.7,58.6,2.4,13.6,23.5,11.2,1.2,2.4,60.6,65,142,0.458,11.5,51,137,0.372
13,Isaac Celiscar,So,6-6,78,Baylor,Yale,78.0,4.2,5.4,4.7,0.7,132.6,19.8,61.1,65.3,7.4,17.0,18.4,13.5,1.2,1.5,46.6,111,181,0.613,3.8,23,57,0.404
14,Terrence Brown,Jr,6-3,75,North Carolina,Utah,78.6,4.2,3.1,3.7,-0.7,108.1,32.9,48.6,54.0,1.3,7.6,27.7,13.7,0.3,2.6,41.5,191,394,0.485,5.7,32,98,0.327
15,Jake Fiegen,Jr,6-4,76,Villanova,Cornell,57.5,4.1,5.2,7.2,-2.0,130.6,23.9,63.9,66.1,7.1,15.3,14.4,9.8,1.4,2.0,31.3,86,129,0.667,11.5,50,123,0.407
16,Logan Duncomb,Sr,6-10,82,Notre Dame,Winthrop,59.8,4.1,8.1,7.7,0.3,125.5,31.4,58.7,64.5,14.8,22.6,15.6,13.8,3.7,1.8,82.3,179,302,0.593,0.2,0,3,0.0
17,DeSean Goode,So,6-8,80,Miami FL,Robert Morris,76.8,4.1,6.1,5.6,0.5,135.7,19.7,69.9,71.4,11.5,21.3,8.5,14.3,1.9,1.6,37.4,148,227,0.652,3.9,36,62,0.581
18,Gavin Doty,So,6-5,77,Syracuse,Siena,91.6,4.1,4.8,4.1,0.6,122.0,23.4,50.8,57.0,5.0,17.4,13.1,7.3,0.2,2.1,39.4,167,324,0.515,6.8,46,141,0.326
19,Terrence Hill Jr.,So,6-3,75,Tennessee,VCU,62.3,4.1,7.5,7.0,0.4,128.0,25.0,57.6,62.2,1.4,10.4,23.9,10.2,0.2,1.3,36.6,91,150,0.607,14.0,81,219,0.37
20,Tounde Yessoufou,Fr,6-5,77,St. John's,Baylor,81.7,4.0,4.9,3.9,1.0,113.0,25.4,51.1,54.1,8.7,12.0,8.9,13.1,1.9,3.3,27.6,161,292,0.551,9.6,53,179,0.296
21,Lewis Walker,Fr,6-6,78,UCF,North Carolina A&T,85.5,4.0,1.1,3.1,-1.9,124.1,23.3,54.9,63.5,3.4,12.9,10.9,12.6,0.2,1.1,65.6,129,236,0.547,4.7,29,78,0.372
22,Preston Edmead,Fr,6-1,73,N.C. State,Hofstra,85.6,3.9,3.7,4.0,-0.3,118.6,25.0,51.4,57.1,2.7,8.6,25.4,15.7,0.0,0.8,39.2,68,164,0.415,12.8,92,237,0.388
23,Josh Ojianwuna,Jr,6-10,82,Ohio St.,Baylor,39.6,3.9,6.1,3.6,2.4,141.3,12.6,77.2,75.4,12.2,18.4,4.4,14.2,3.5,2.3,72.2,61,78,0.782,0.1,0,1,0.0
24,Rowan Brumbaugh,Jr,6-4,76,SMU,Tulane,89.5,3.9,3.5,3.9,-0.4,112.3,27.0,52.2,59.1,2.9,12.2,23.2,14.3,0.6,2.5,57.8,120,234,0.513,8.7,61,171,0.357
25,Baraka Okojie,Jr,6-3,75,George Mason,Mercer,87.7,3.8,1.5,2.9,-1.3,116.0,29.4,47.5,57.0,2.1,7.3,28.5,15.5,0.2,2.2,69.8,127,270,0.47,6.4,37,114,0.325
26,Finley Bizjack,Jr,6-4,76,West Virginia,Butler,81.0,3.8,2.6,3.5,-0.9,116.7,22.3,51.4,57.7,1.8,5.5,14.6,13.1,0.3,1.2,41.8,95,188,0.505,10.6,68,195,0.349
27,Nick Anderson,Sr,6-3,75,San Diego St.,Rice,73.9,3.8,5.9,5.9,0.0,125.5,22.0,56.5,60.4,3.6,12.6,8.4,9.6,1.1,2.4,34.1,64,127,0.504,13.9,82,204,0.402
28,Tyler Lundblade,Sr,6-5,77,Tennessee,Belmont,85.9,3.8,1.8,3.8,-2.0,127.8,17.5,59.7,64.0,0.6,7.6,8.8,8.8,0.1,0.5,26.5,35,66,0.53,14.5,112,274,0.409
29,Zoom Diallo,So,6-4,76,Kentucky,Washington,73.3,3.7,4.2,3.5,0.7,112.5,28.5,51.7,56.3,3.6,11.7,30.3,17.8,0.0,1.3,31.4,173,328,0.527,4.4,23,73,0.315
30,Michael McNair,Jr,6-5,77,Maryland,Boston University,89.6,3.7,2.8,4.8,-1.9,125.0,21.1,60.9,62.7,3.8,14.0,12.3,10.3,1.2,1.8,26.0,85,157,0.541,12.4,104,239,0.435
31,Jaquan Johnson,So,5-9,69,Iowa St.,Bradley,73.7,3.7,6.9,4.2,2.7,116.2,28.2,48.3,55.3,3.6,12.1,25.3,9.8,0.1,4.6,53.3,115,264,0.436,8.0,52,136,0.382
32,Gavin Sykes,Fr,6-4,76,TCU,Long Beach St.,72.3,3.7,1.9,4.5,-2.5,116.6,24.7,54.5,58.6,1.7,9.3,9.7,8.3,0.9,0.5,33.5,115,217,0.53,10.2,60,159,0.377
33,Jalen Cox,Jr,6-3,75,USC,Colgate,79.7,3.7,3.5,3.0,0.6,116.5,28.0,53.9,59.1,2.3,15.5,31.5,15.1,0.9,2.9,35.8,182,336,0.542,2.9,17,49,0.347
34,Nolan Minessale,So,6-5,77,Marquette,St. Thomas,79.1,3.7,4.6,3.3,1.3,114.2,31.6,54.0,58.8,2.9,13.8,25.9,13.7,2.0,3.1,50.2,164,280,0.586,8.2,42,140,0.3
35,Stefan Vaaks,Fr,6-7,79,Illinois,Providence,72.1,3.7,3.5,4.6,-1.0,115.4,23.4,52.2,56.7,1.7,6.7,18.1,14.3,0.8,1.5,29.5,62,120,0.517,14.8,91,260,0.35
36,Money Williams,Jr,6-4,76,Boston College,Montana,79.6,3.7,2.4,2.7,-0.3,108.0,35.5,54.7,61.8,2.2,12.5,32.8,21.2,1.0,1.7,50.8,158,285,0.554,8.1,49,138,0.355
37,Sonny Wilson,Jr,6-1,73,South Florida,Toledo,92.2,3.7,2.0,3.0,-1.0,117.8,23.1,54.0,56.3,3.5,8.4,22.0,11.2,0.1,2.1,29.7,169,324,0.522,5.0,41,103,0.398
38,Tyler Tejada,Jr,6-8,80,Cincinnati,Towson,87.0,3.6,4.3,3.4,0.9,115.0,25.3,47.9,54.1,3.5,13.4,14.2,11.5,1.4,1.5,33.9,149,299,0.498,8.1,42,144,0.292
39,Aiden Sherrell,So,6-10,82,Indiana,Alabama,57.6,3.6,8.6,5.5,3.1,129.0,19.4,59.5,62.7,10.4,15.2,8.2,11.0,8.5,1.3,53.5,103,161,0.64,5.3,27,80,0.338
40,Brett Decker Jr.,So,6-3,75,Baylor,Liberty,85.3,3.6,1.3,4.7,-3.4,122.0,20.2,62.9,65.3,0.9,7.8,5.6,6.6,0.5,0.5,21.2,76,142,0.535,12.9,102,222,0.459
41,Leroy Blyden Jr.,Fr,6-1,73,Kansas,Toledo,84.8,3.6,4.2,3.7,0.5,118.9,23.6,54.5,58.7,2.6,11.5,23.2,13.7,0.9,3.0,28.3,108,216,0.5,9.5,72,180,0.4
42,Denzel Aberdeen,Sr,6-5,77,Florida,Kentucky,76.1,3.6,4.1,3.5,0.6,118.7,20.9,51.6,56.0,2.4,6.6,20.3,11.7,0.3,1.3,33.2,100,203,0.493,8.9,62,171,0.363
43,Christian Hammond,So,6-4,76,N.C. State,Santa Clara,73.4,3.5,3.7,3.5,0.3,117.4,22.9,54.8,58.0,2.0,9.0,14.6,14.0,0.2,2.1,27.3,139,265,0.525,7.5,52,131,0.397
44,Ryan Sabol,Jr,6-2,74,Providence,Buffalo,91.1,3.5,0.8,4.2,-3.4,115.7,24.7,54.7,57.9,2.1,9.1,18.8,12.1,0.2,1.1,20.6,72,153,0.471,15.7,115,294,0.391
45,Javan Buchanan,Sr,6-7,79,West Virginia,Boise St.,66.3,3.5,5.1,3.9,1.3,120.4,22.8,48.1,55.8,8.5,14.5,11.7,10.1,0.7,1.5,49.3,85,173,0.491,7.2,30,97,0.309
46,Darryl Simmons II,Jr,5-10,70,Villanova,St. Bonaventure,88.9,3.5,-0.2,2.1,-2.3,117.8,20.5,54.0,56.8,0.9,5.5,15.0,11.7,0.0,1.4,15.7,104,230,0.452,10.5,89,210,0.424
47,Corey Hadnot II,Jr,6-3,75,Houston,Purdue Fort Wayne,86.2,3.5,3.8,3.7,0.1,112.7,28.9,56.8,58.8,1.4,11.9,23.7,12.6,1.2,3.1,33.6,167,285,0.586,8.8,54,152,0.355
48,Devin Royal,Jr,6-6,78,Villanova,Ohio St.,75.6,3.5,2.9,2.2,0.7,114.3,21.6,52.5,57.8,6.5,14.9,9.3,14.5,0.6,1.2,41.3,120,219,0.548,5.7,31,98,0.316
49,Darin Smith Jr.,So,6-7,79,Rutgers,Central Connecticut,83.6,3.4,-0.4,2.8,-3.2,113.7,29.8,50.2,57.3,4.9,13.6,7.9,10.5,0.8,1.2,40.5,131,277,0.473,9.5,54,145,0.372
50,Drew Fielder,Jr,6-11,83,Alabama,Boise St.,57.7,3.4,7.0,5.9,1.2,119.4,27.9,59.0,62.6,9.3,19.5,11.7,15.5,2.6,1.0,40.1,115,199,0.578,7.6,37,90,0.411
51,Jordan Frison,Jr,6-0,72,Wichita St.,Chattanooga,78.1,3.4,1.5,3.2,-1.7,122.5,25.4,60.7,64.1,1.7,10.7,29.6,13.7,0.5,1.5,30.4,135,226,0.597,6.6,42,100,0.42
52,Jeremiah Wilkinson,So,6-1,73,Arkansas,Georgia,59.4,3.4,5.8,4.9,0.9,116.4,28.1,50.6,55.6,1.6,6.8,12.5,10.2,1.1,3.3,38.8,89,189,0.471,15.1,79,221,0.357
53,Cooper Bowser,Jr,6-11,83,Arkansas,Furman,50.9,3.4,4.9,3.2,1.8,132.8,18.0,75.2,74.0,6.0,15.9,11.6,15.2,4.9,0.6,49.1,124,164,0.756,0.1,0,1,0.0
54,Justin Neely,Sr,6-6,78,Colorado,UNC Greensboro,81.5,3.4,2.9,4.1,-1.2,119.4,26.3,55.6,62.8,8.5,32.1,15.3,15.9,0.7,1.5,78.0,160,281,0.569,2.6,15,47,0.319
55,Aiden Tobiason,So,6-5,77,Syracuse,Temple,88.5,3.4,2.6,2.4,0.2,119.0,20.2,54.8,60.1,1.5,11.1,12.0,11.6,0.6,2.1,46.4,108,187,0.578,7.5,46,136,0.338
56,Keanu Dawes,Jr,6-9,81,Kansas,Utah,76.6,3.4,4.4,4.2,0.3,118.3,19.9,60.5,62.8,7.5,25.8,13.8,17.3,1.2,1.0,36.2,116,170,0.682,6.0,32,101,0.317
57,Chance Westry,So,6-6,78,Xavier,UAB,76.6,3.4,5.6,4.1,1.5,116.5,25.6,51.0,56.0,3.8,9.2,34.3,13.6,1.7,2.3,56.3,142,251,0.566,4.9,19,83,0.229
58,Amir Lindsey,So,5-11,71,Fordham,Albany,95.8,3.4,-0.5,2.0,-2.5,114.9,25.0,50.6,54.6,1.5,9.1,26.2,13.4,0.0,2.0,29.8,125,251,0.498,9.1,57,165,0.345
59,Ryan Beasley,Jr,5-11,71,Washington,San Francisco,79.3,3.4,2.5,2.1,0.4,115.3,21.8,48.2,54.9,1.9,9.8,24.9,13.7,0.4,2.1,43.9,78,165,0.473,8.7,49,149,0.329
60,Kwame Evans Jr.,Jr,6-10,82,Villanova,Oregon,72.0,3.4,5.8,3.6,2.3,113.7,22.4,51.1,58.1,8.2,20.0,13.5,16.5,5.0,1.9,56.8,92,169,0.544,6.6,31,102,0.304
61,Jordan Burks,Jr,6-9,81,Oklahoma St.,UCF,69.8,3.4,6.2,4.7,1.5,120.9,19.3,54.5,58.1,5.4,14.1,4.2,9.2,2.0,2.1,30.6,90,169,0.533,9.8,60,161,0.373
62,Tylen Riley,Jr,6-3,75,Cincinnati,Tulsa,69.5,3.4,2.4,2.3,0.1,113.6,28.9,47.4,57.3,2.7,12.6,30.5,19.1,0.6,1.9,61.2,133,296,0.449,4.0,27,70,0.386
63,Kevair Kennedy,Fr,6-2,74,Wake Forest,Merrimack,91.0,3.3,1.7,1.8,-0.1,107.6,30.4,46.6,55.6,4.6,10.6,29.1,16.8,0.3,3.2,64.1,182,392,0.464,2.0,13,40,0.325
64,Damarion Dennis,So,6-1,73,Texas Tech,Wyoming,58.1,3.3,6.3,5.3,1.0,131.2,19.0,58.5,62.6,5.1,11.1,11.9,8.4,1.3,2.1,26.8,93,147,0.633,7.9,34,99,0.343
65,Bryce Johnson,Sr,6-3,75,UTSA,UMBC,74.5,3.3,1.0,3.5,-2.6,117.6,23.6,58.9,62.0,2.0,12.6,16.3,11.4,1.5,1.6,38.3,114,191,0.597,7.8,47,122,0.385
66,Jalen Haralson,Fr,6-7,79,Tennessee,Notre Dame,57.0,3.2,3.5,3.7,-0.2,106.3,33.4,52.3,56.5,6.4,10.9,22.9,18.4,1.3,1.2,60.1,150,276,0.543,2.1,5,25,0.2
67,Michael Nwoko,Jr,6-10,82,Xavier,LSU,53.1,3.2,4.1,3.4,0.7,119.7,27.6,61.0,65.3,13.2,17.9,8.1,17.4,4.2,1.2,61.0,155,251,0.618,0.2,0,3,0.0
68,Dylan Faulkner,Jr,6-9,81,Clemson,Samford,61.7,3.2,6.0,5.5,0.6,118.7,30.2,61.3,60.9,11.1,25.6,16.8,10.3,6.0,1.2,71.4,182,293,0.621,0.3,0,4,0.0
69,Ben Defty,So,7-0,84,Arizona St.,Boston University,71.8,3.2,2.1,2.2,-0.1,121.7,24.9,69.4,69.6,8.7,20.7,14.4,19.4,7.0,0.8,54.6,197,284,0.694,0.0,0,0,0.0
70,CJ Luster,Jr,6-3,75,UNC Wilmington,Stony Brook,75.2,3.2,2.2,4.3,-2.1,115.6,24.7,55.7,60.4,1.2,8.9,9.4,12.8,0.3,2.1,32.0,60,135,0.444,15.2,96,231,0.416
71,Tyler Houser,Sr,6-9,81,Chattanooga,Delaware,68.1,3.2,0.3,2.2,-1.9,118.5,22.1,57.7,60.9,6.9,13.1,13.0,11.3,1.5,0.8,27.2,89,156,0.571,7.9,41,105,0.39
72,Sananda Fru,Jr,6-11,83,Marquette,Louisville,55.1,3.2,7.7,4.3,3.4,131.3,17.7,76.5,74.0,14.9,16.0,10.1,20.2,7.2,1.2,52.9,124,162,0.765,0.6,4,8,0.5
73,Tylik Weeks,Jr,6-7,79,Memphis,Southern Miss,84.5,3.2,1.0,1.8,-0.9,109.2,29.3,47.6,55.9,4.1,14.8,15.6,15.5,1.1,1.6,56.6,205,415,0.494,2.7,12,53,0.226
74,Cole Certa,So,6-5,77,Clemson,Notre Dame,66.0,3.1,2.1,3.4,-1.3,119.9,20.8,50.8,56.8,1.8,5.7,6.3,7.2,0.0,0.8,33.8,32,81,0.395,15.9,81,221,0.367
75,Tomislav Buljan,Fr,6-9,81,Maryland,New Mexico,63.0,3.1,5.1,4.3,0.8,114.5,26.6,55.3,57.0,17.6,27.1,11.1,15.0,2.6,2.4,52.2,166,296,0.561,1.6,8,26,0.308
76,Andrew Meadow,Jr,6-7,79,Oregon,Boise St.,73.2,3.1,4.2,3.2,1.0,123.4,17.4,59.9,61.4,4.0,10.1,7.0,10.0,0.1,1.2,43.6,84,137,0.613,7.1,41,106,0.387
77,Thomas Dowd,Jr,6-8,80,Auburn,Troy,89.1,3.1,3.5,2.9,0.6,119.3,19.8,51.5,55.7,10.1,21.7,11.0,12.3,4.2,2.0,31.4,97,177,0.548,9.4,60,186,0.323
78,Jackson Holcombe,So,6-7,79,Utah,Utah Valley,75.7,3.1,6.7,3.2,3.4,110.8,27.3,52.6,56.3,8.4,17.2,23.5,17.4,4.1,4.3,54.5,175,314,0.557,2.0,5,33,0.152
79,Riley Allenspach,Jr,6-11,83,Cincinnati,George Mason,60.7,3.1,5.0,4.7,0.3,120.0,25.5,60.0,61.9,10.0,19.0,8.2,12.4,1.3,1.4,43.3,139,217,0.641,5.3,21,67,0.313
80,Tahj Staveskie,Jr,6-0,72,Akron,Incarnate Word,89.4,3.1,0.1,2.7,-2.6,108.4,27.0,50.6,54.6,2.6,10.0,24.5,17.8,0.3,1.7,28.1,101,214,0.472,10.8,65,178,0.365
81,Julius Halaifonua,So,7-0,84,Oklahoma St.,Georgetown,46.0,3.1,6.2,4.3,2.0,130.0,20.6,62.4,65.5,9.2,16.2,14.3,11.0,4.3,0.8,51.1,107,164,0.652,2.1,6,22,0.273
82,Kameron Taylor,So,6-7,79,Florida St.,UNC Asheville,88.1,3.1,1.6,2.7,-1.1,107.6,29.9,49.8,54.2,4.5,12.2,19.0,14.6,2.1,1.4,49.9,154,295,0.522,7.6,39,132,0.295
83,Shelton Williams-Dryden,Sr,6-6,78,Green Bay,West Georgia,87.7,3.0,0.4,2.3,-2.0,112.9,28.0,51.4,54.9,9.8,19.3,8.8,10.9,0.5,1.7,34.2,226,418,0.541,3.8,17,71,0.239
84,Ace Glass lll,Fr,6-3,75,Vanderbilt,Washington St.,72.3,3.0,1.2,2.8,-1.6,109.2,27.3,54.0,58.0,1.5,10.9,17.5,17.4,0.4,1.6,24.7,106,196,0.541,12.3,68,189,0.36
85,Kyle Evans,Sr,6-10,82,N.C. State,UC Irvine,73.0,3.0,6.9,2.8,4.1,129.1,16.1,61.9,64.8,9.1,21.8,6.4,10.0,11.8,0.8,34.6,156,248,0.629,0.5,2,9,0.222
86,Dai Dai Ames,Jr,6-1,73,Tennessee,California,78.9,3.0,1.2,1.5,-0.3,109.7,25.1,53.0,57.2,0.9,5.9,14.7,12.9,0.5,1.1,26.6,147,289,0.509,8.1,56,147,0.381
87,Kahmare Holmes,So,6-3,75,DePaul,Wofford,67.0,3.0,3.5,3.4,0.1,113.9,29.2,54.1,57.0,4.1,16.9,18.1,11.4,1.0,3.4,50.6,122,224,0.545,9.1,45,126,0.357
88,Kyler D'Augustino,Jr,6-1,73,Ohio,IU Indy,77.3,3.0,-0.2,2.1,-2.3,116.3,24.0,57.6,60.0,3.8,8.3,18.4,13.2,0.2,2.1,21.4,177,309,0.573,5.6,38,97,0.392
89,Massamba Diop,Fr,7-1,85,Gonzaga,Arizona St.,74.1,3.0,4.9,2.6,2.3,113.2,21.3,58.2,61.4,7.5,15.0,7.6,16.9,7.9,1.2,48.5,161,271,0.594,1.5,8,26,0.308
90,Blake Barkley,So,6-7,79,Grand Canyon,East Tennessee St.,70.2,3.0,2.1,2.8,-0.8,124.4,22.4,62.1,67.5,6.5,18.5,7.9,15.4,1.1,1.7,54.3,140,223,0.628,3.1,18,46,0.391
91,Allen David Mukeba,Sr,6-7,79,Arizona St.,Oakland,75.6,3.0,3.0,2.3,0.7,111.7,25.8,56.9,58.2,11.1,17.9,17.5,18.0,5.3,1.6,39.4,198,347,0.571,0.1,0,1,0.0
92,Mikey Lewis,So,6-3,75,Texas,Saint Mary's,66.9,3.0,4.1,2.8,1.3,113.5,25.2,48.7,53.3,1.7,9.3,15.5,12.2,1.0,1.6,24.8,82,194,0.423,12.9,67,181,0.37
93,Sam Orme,So,6-9,81,Nebraska,Belmont,57.3,3.0,5.7,4.1,1.6,126.2,19.4,65.7,65.9,4.6,16.8,12.7,12.3,3.5,2.1,17.6,92,132,0.697,9.0,46,113,0.407
94,Isaac Garrett,Jr,6-8,80,High Point,Oakland,63.4,2.9,2.3,2.1,0.2,117.1,22.9,54.3,59.1,9.4,18.1,14.8,15.2,3.6,2.1,40.0,135,242,0.558,1.6,6,23,0.261
95,Quinton Mincey,Sr,6-7,79,Campbell,UMass Lowell,92.9,2.9,-0.5,2.4,-2.9,110.1,23.2,54.8,57.9,4.6,14.9,14.1,15.8,1.2,0.8,29.1,129,245,0.527,7.1,52,133,0.391
96,Kory Mincy,Jr,6-2,74,South Carolina,George Mason,84.8,2.9,2.8,1.7,1.1,115.3,21.1,52.7,57.1,1.2,11.1,17.5,13.7,0.1,1.9,26.1,87,180,0.483,9.8,66,173,0.382
97,Freddie Dilione V,Jr,6-5,77,Georgia,Penn St.,68.6,2.9,3.7,4.0,-0.2,110.4,26.0,53.0,55.8,3.4,11.8,17.6,12.2,0.8,2.6,19.3,132,236,0.559,8.9,42,132,0.318
98,Brandon Benjamin,Fr,6-8,80,Boston College,Fairfield,75.7,2.9,2.1,2.8,-0.7,118.7,22.7,56.8,58.8,14.2,23.1,8.2,14.7,5.5,1.4,31.3,188,328,0.573,0.5,2,8,0.25
99,A'lahn Sumler,Jr,6-4,76,Pittsburgh,Charleston Southern,69.5,2.9,3.0,4.1,-1.1,112.3,29.2,55.7,57.5,3.2,11.9,26.7,15.1,0.4,1.4,34.4,128,244,0.525,9.5,59,145,0.407
100,C.J. O'Hara,So,6-4,76,Wright St.,Green Bay,82.4,2.9,0.2,1.3,-1.2,119.0,20.9,57.5,63.5,5.9,11.0,7.8,14.0,1.0,1.9,62.5,143,242,0.591,1.5,7,25,0.28
101,David Punch,So,6-7,79,Texas,TCU,71.3,2.9,7.1,2.6,4.5,110.3,23.8,51.8,55.0,7.5,19.6,13.8,14.0,7.4,2.6,48.0,167,308,0.542,2.6,11,46,0.239
102,Kayden Mingo,Fr,6-3,75,Baylor,Penn St.,70.1,2.9,3.0,1.9,1.1,108.6,24.6,51.2,54.4,2.1,12.3,27.2,15.3,0.7,3.8,34.8,123,216,0.569,5.7,21,86,0.244
103,Jason Rivera-Torres,Jr,6-7,79,High Point,Monmouth,88.2,2.9,4.8,3.0,1.9,110.3,24.8,46.4,52.2,8.3,17.9,16.9,12.9,3.5,3.3,38.0,121,264,0.458,8.2,51,162,0.315
104,Samet Yigitoglu,So,7-2,86,Indiana,SMU,71.6,2.9,2.6,1.8,0.8,117.6,19.0,62.8,60.9,14.3,16.2,8.9,18.0,5.5,1.0,43.3,155,246,0.63,0.1,0,1,0.0
105,Jaylen Petty,Fr,6-1,73,UCLA,Texas Tech,73.7,2.9,3.2,1.7,1.4,119.6,15.6,53.3,55.5,2.4,11.8,12.3,11.3,0.1,1.1,17.7,41,87,0.471,10.8,69,184,0.375
106,Nasir Whitlock,Jr,6-2,74,Georgia Tech,Lehigh,85.4,2.9,-0.1,2.0,-2.1,108.2,30.1,53.7,58.4,1.2,10.2,22.0,15.6,0.0,1.8,40.1,149,314,0.475,8.8,74,170,0.435
107,Braeden Speed,So,6-3,75,Florida Atlantic,Loyola MD,82.3,2.9,0.1,2.1,-2.0,116.4,23.8,53.3,58.8,2.6,13.2,22.9,14.5,0.8,1.8,43.7,97,187,0.519,8.6,54,147,0.367
108,J.P. Estrella,So,6-11,83,Michigan,Tennessee,40.4,2.8,7.1,5.7,1.4,126.0,23.1,60.4,61.2,17.3,15.6,9.6,12.7,2.5,0.9,30.2,136,225,0.604,1.0,4,10,0.4
109,Damon Wilkinson,So,6-10,82,Nebraska,South Dakota St.,61.0,2.8,2.3,2.7,-0.4,117.4,27.1,58.5,61.8,10.2,19.7,11.2,14.7,4.3,1.0,52.5,155,264,0.587,0.1,0,1,0.0
110,Donnie Freeman,So,6-9,81,St. John's,Syracuse,55.1,2.8,2.5,1.6,0.9,105.9,26.5,52.3,57.7,3.7,22.5,8.7,17.5,3.1,1.5,50.0,100,180,0.556,7.0,26,86,0.302
111,Somto Cyril,So,6-11,83,Miami FL,Georgia,52.1,2.8,6.8,3.4,3.4,131.4,17.4,75.9,72.0,12.2,15.1,4.7,15.7,10.6,1.6,73.4,120,158,0.759,0.0,0,0,0.0
112,Greyson Uelmen,Fr,6-2,74,Northern Iowa,North Dakota,71.3,2.8,0.9,2.7,-1.8,111.0,29.6,53.9,60.4,2.4,9.6,18.6,17.4,0.3,2.3,57.7,141,251,0.562,7.0,36,111,0.324
113,Kashie Natt,Sr,6-3,75,Oklahoma St.,Sam Houston St.,68.2,2.8,7.0,3.8,3.2,121.6,20.4,49.8,56.1,9.3,23.6,15.6,12.7,1.9,4.2,51.0,80,175,0.457,5.1,30,76,0.395
114,Nick Janowski,Fr,6-4,76,Davidson,St. Thomas,80.6,2.8,1.7,3.0,-1.2,115.7,23.7,58.0,59.1,3.7,14.5,12.5,9.4,0.8,1.4,27.2,137,220,0.623,9.7,59,169,0.349
115,TJ Nadeau,So,6-5,77,Tulane,Detroit Mercy,64.9,2.8,2.8,3.7,-0.8,125.7,19.5,60.1,63.2,2.6,10.4,7.9,11.0,0.9,1.2,24.5,69,137,0.504,10.3,65,140,0.464
116,Acaden Lewis,Fr,6-2,74,Miami FL,Villanova,75.4,2.8,4.7,1.7,3.0,107.5,24.6,49.6,51.0,1.6,10.4,33.7,17.1,0.3,3.8,29.9,130,244,0.533,6.0,27,100,0.27
117,Wes Enis,Jr,6-2,74,Creighton,South Florida,81.0,2.8,2.5,2.3,0.2,114.1,20.3,51.1,54.0,1.7,9.1,13.1,12.8,0.2,1.7,19.3,67,141,0.475,15.2,107,304,0.352
118,Delrecco Gillespie,Sr,6-8,80,Houston,Kent St.,80.5,2.8,2.5,2.0,0.5,111.1,26.3,51.8,58.1,10.5,28.2,11.9,18.8,4.3,1.7,52.9,182,337,0.54,3.1,15,58,0.259
119,Nils Machowski,Jr,6-3,75,Connecticut,Wofford,86.2,2.8,1.1,3.5,-2.4,116.7,24.1,54.4,58.1,4.5,15.5,14.7,12.6,1.7,1.0,31.0,84,171,0.491,12.8,89,229,0.389
120,Ruben Dominguez,So,6-6,78,Xavier,Texas A&M,57.1,2.8,4.9,4.5,0.4,130.5,16.0,57.7,61.3,1.8,9.0,10.2,5.7,0.6,1.0,24.5,17,38,0.447,15.0,86,215,0.4
121,Viljami Vartiainen,Jr,6-6,78,UC Santa Barbara,Weber St.,62.8,2.8,2.3,3.2,-0.9,127.8,15.5,61.8,63.2,0.8,12.2,5.4,8.2,0.4,1.5,15.6,37,65,0.569,12.9,73,172,0.424
122,Trey Autry,Jr,6-4,76,Wisconsin,George Washington,69.7,2.8,2.3,2.3,0.0,125.4,15.3,57.9,60.5,3.2,11.3,8.5,11.7,0.8,1.4,21.4,34,57,0.596,12.8,82,214,0.383
123,Chance Gladden,Fr,6-3,75,San Diego St.,Boston University,80.1,2.8,-2.3,0.9,-3.2,113.0,25.7,52.1,58.7,2.5,9.5,26.7,19.6,0.9,1.2,42.7,124,234,0.53,5.6,32,96,0.333
124,Alvaro Folgueiras,Jr,6-10,82,Louisville,Iowa,51.6,2.7,7.5,4.4,3.1,120.5,22.3,58.6,62.2,6.3,18.1,20.7,17.2,1.6,2.7,41.0,69,102,0.676,9.0,36,108,0.333
125,Dayan Nessah,So,6-7,79,Loyola Chicago,Cleveland St.,53.2,2.7,-0.5,1.4,-1.9,112.4,28.3,56.4,63.0,8.3,18.4,18.8,20.8,2.7,2.1,76.8,107,190,0.563,1.8,8,21,0.381
126,Cooper Campbell,So,6-2,74,Liberty,Troy,83.8,2.7,2.2,1.9,0.2,118.0,19.4,53.7,57.2,4.0,7.4,23.5,16.9,0.2,2.5,24.9,72,151,0.477,9.1,67,170,0.394
127,Jadis Jones,So,6-5,77,USC,Lindenwood,72.0,2.7,2.4,2.1,0.4,116.7,21.2,55.5,57.1,10.7,16.1,15.2,12.2,2.4,2.0,51.8,151,264,0.572,0.5,0,8,0.0
128,Tyshawn Archie,Jr,6-1,73,Texas A&M,McNeese St.,64.3,2.7,6.6,4.9,1.7,112.9,27.2,50.6,54.0,1.8,6.8,23.1,13.3,2.1,3.8,17.5,101,218,0.463,12.4,64,171,0.374
129,AJ Brown,So,6-4,76,Florida,Ohio,60.5,2.7,3.1,3.2,-0.1,119.1,21.5,57.4,61.9,4.8,9.2,7.8,11.4,0.3,2.7,39.1,69,122,0.566,10.0,52,134,0.388
130,Jahari Long,Sr,6-5,77,Wichita St.,George Mason,84.6,2.7,1.8,1.5,0.4,116.0,19.3,53.5,57.7,1.5,9.9,23.2,16.5,0.5,1.1,32.4,80,155,0.516,7.3,48,129,0.372
131,Jaylen Washington,So,5-10,70,Western Michigan,UT Rio Grande Valley,67.2,2.7,2.2,1.4,0.8,120.4,20.6,55.1,59.8,3.9,5.9,28.9,16.7,0.5,2.5,32.9,103,179,0.575,3.3,14,46,0.304
132,Adam Olsen,Jr,6-8,80,Auburn,South Alabama,86.3,2.7,1.1,2.7,-1.5,115.1,21.4,53.4,58.0,0.9,11.2,5.4,7.8,0.5,1.7,31.6,53,131,0.405,14.1,101,252,0.401
133,Rob Lee Jr.,Jr,6-2,74,Western Michigan,Lamar,71.5,2.7,1.8,3.1,-1.2,112.2,26.0,51.7,55.2,1.6,11.7,15.4,12.6,0.3,1.1,24.9,96,203,0.473,12.5,65,171,0.38
134,Mouhamed Dioubate,Jr,6-7,79,LSU,Kentucky,46.3,2.7,6.3,3.1,3.2,121.3,19.5,55.9,58.8,11.8,16.7,8.4,11.4,5.2,2.6,62.6,91,151,0.603,2.4,6,28,0.214
135,Jimmie Williams,Jr,6-5,77,Ohio St.,Duquesne,74.7,2.7,3.6,2.6,1.0,111.8,23.6,53.3,56.4,3.2,14.5,18.0,14.0,0.4,3.1,28.6,105,183,0.574,10.8,58,177,0.328
136,Tyrone Riley IV,So,6-6,78,Oregon,San Francisco,75.3,2.7,2.6,2.1,0.5,116.6,17.9,54.1,56.3,4.9,12.7,8.4,9.4,1.5,1.9,25.6,97,181,0.536,6.9,41,112,0.366
137,David Fuchs,Jr,6-9,81,Clemson,San Francisco,53.1,2.7,2.8,3.4,-0.6,110.3,28.4,53.9,57.7,11.2,25.8,13.8,16.4,1.5,1.1,79.8,108,195,0.554,2.9,10,33,0.303
138,Ernest Shelton,Jr,6-5,77,Boston College,Merrimack,91.1,2.7,0.8,1.8,-1.1,113.8,20.8,51.3,58.0,1.8,8.2,5.8,8.9,1.6,2.0,42.2,51,103,0.495,14.3,99,286,0.346
139,Kaleb Glenn,So,6-6,78,Michigan St.,Florida Atlantic,64.1,2.7,1.8,3.3,-1.5,117.3,20.7,60.5,61.4,7.9,12.9,4.5,12.6,1.2,1.3,41.1,102,169,0.604,7.4,45,111,0.405
140,BJ Davis,Jr,6-2,74,Creighton,San Diego St.,55.0,2.7,6.7,3.3,3.4,118.4,23.2,50.6,57.5,2.9,13.1,18.7,10.8,0.8,2.8,45.1,74,155,0.477,7.9,36,98,0.367
141,Brant Byers,So,6-8,80,Penn St.,Miami OH,78.6,2.6,1.0,1.9,-0.9,122.2,18.3,57.7,63.0,3.3,11.4,3.1,9.6,1.2,1.1,56.1,66,114,0.579,9.3,63,164,0.384
142,Armani Mighty,Jr,6-10,82,Pittsburgh,Mercer,81.1,2.6,1.2,2.1,-0.8,120.3,20.2,63.4,61.8,14.3,23.2,5.9,14.5,5.8,1.1,65.1,151,238,0.634,0.0,0,0,0.0
143,Larry Hughes II,Sr,6-4,76,Sacramento St.,Cal St. Northridge,77.3,2.6,2.1,1.7,0.4,113.5,21.3,53.4,57.9,0.6,8.7,5.1,11.0,1.0,2.5,28.6,85,186,0.457,12.6,94,237,0.397
144,Jahari Williamson,Jr,6-1,73,Pepperdine,Kent St.,63.2,2.6,2.9,2.6,0.3,136.0,13.8,61.5,64.4,2.9,5.6,6.0,6.3,0.1,1.9,28.6,24,54,0.444,11.6,77,173,0.445
145,Camden Heide,Jr,6-7,79,South Carolina,Texas,54.5,2.6,3.3,2.4,0.9,139.2,10.0,65.5,66.0,4.4,9.6,4.4,9.2,0.5,1.1,12.0,21,36,0.583,8.1,48,106,0.453
146,Damari Wheeler-Thomas,Jr,6-0,72,Boise St.,North Dakota St.,68.9,2.6,1.2,1.4,-0.2,115.2,23.7,49.9,54.6,3.8,10.2,16.1,11.6,0.0,2.0,38.8,68,158,0.43,11.6,66,177,0.373
147,Justin McBride,Jr,6-7,79,Kentucky,James Madison,63.3,2.6,1.6,2.8,-1.2,113.6,26.8,55.5,59.1,5.6,17.1,11.8,14.6,2.5,0.8,33.2,130,244,0.533,6.7,38,93,0.409
148,Rihards Vavers,Jr,6-7,79,Memphis,Washington St.,57.1,2.6,3.9,4.5,-0.6,122.7,17.4,61.0,63.5,3.6,14.9,3.5,11.4,1.2,1.5,18.4,37,58,0.638,13.6,66,165,0.4
149,Elijah Crawford,So,6-3,75,Villanova,Illinois Chicago,44.4,2.6,4.6,3.1,1.5,107.3,31.1,49.3,53.0,1.9,11.2,43.0,19.0,1.4,3.3,30.3,100,191,0.524,7.6,21,76,0.276
150,Anton Bonke,Jr,7-2,86,Michigan St.,Charlotte,62.9,2.6,2.7,2.9,-0.2,119.4,21.3,60.0,61.6,14.4,23.7,9.1,17.0,6.8,0.6,39.3,121,196,0.617,2.8,13,38,0.342
151,Jamier Jones,Fr,6-6,78,Missouri,Providence,58.9,2.6,2.6,2.1,0.5,114.1,21.3,59.5,61.7,5.9,13.1,9.6,17.6,1.0,1.9,55.3,123,206,0.597,2.2,12,31,0.387
152,Collin Chandler,So,6-5,77,BYU,Kentucky,67.5,2.6,5.5,2.6,3.0,121.0,15.8,57.5,60.5,1.5,9.6,14.3,14.5,1.1,2.6,23.1,40,82,0.488,10.4,73,178,0.41
153,Jordan Pyke,Jr,6-7,79,Arkansas St.,Incarnate Word,55.6,2.6,1.0,2.3,-1.4,116.2,23.4,54.8,58.3,6.2,18.4,12.7,13.3,1.7,1.3,43.5,83,156,0.532,5.2,21,53,0.396
154,Dishon Jackson,Sr,6-11,83,Pittsburgh,Iowa St.,46.2,2.6,5.1,2.2,2.9,121.0,21.6,58.0,62.7,13.3,19.2,6.2,15.1,6.8,1.5,75.9,101,173,0.584,0.1,0,1,0.0
155,Justin Pippen,So,6-3,75,Ohio St.,California,71.8,2.6,5.5,2.4,3.0,104.0,27.2,44.2,51.5,2.6,11.7,29.4,17.3,2.2,3.4,44.3,76,187,0.406,9.5,51,158,0.323
156,Bryce Lindsay,So,6-3,75,Indiana,Villanova,70.7,2.6,2.1,2.0,0.1,110.9,21.5,49.6,52.8,2.3,6.4,13.5,11.2,0.0,1.5,24.1,54,126,0.429,13.9,78,219,0.356
157,Grant Randall,So,6-9,81,Dayton,Quinnipiac,79.1,2.6,1.3,1.0,0.3,124.9,15.6,53.6,57.2,7.4,16.2,4.6,6.3,2.4,1.7,36.3,83,148,0.561,6.9,40,119,0.336
158,Malik Mack,Jr,6-2,74,Providence,Georgetown,79.8,2.6,1.6,1.8,-0.2,104.9,24.2,45.0,50.2,1.5,9.1,26.1,15.3,0.5,1.6,30.0,98,216,0.454,10.2,56,188,0.298
159,Jeremiah Johnson,So,6-4,76,Tulsa,Campbell,82.6,2.5,-0.7,0.8,-1.5,112.0,21.5,50.3,58.3,2.1,10.7,11.9,17.5,0.5,1.2,50.6,101,211,0.479,6.5,44,121,0.364
160,Brandon Rechsteiner,Jr,6-1,73,Kansas St.,Colorado St.,70.1,2.5,2.1,3.1,-1.0,113.6,21.7,58.5,60.3,2.4,7.2,19.1,17.9,0.3,1.7,15.4,56,99,0.566,13.9,82,207,0.396
161,Sebastian Rancik,So,6-11,83,Florida St.,Colorado,61.0,2.5,3.0,2.1,0.8,110.3,22.3,48.0,56.3,4.8,18.2,12.4,15.8,1.9,1.9,50.6,64,137,0.467,8.3,39,118,0.331
162,Jelani Hamilton,So,6-6,78,Florida Atlantic,Georgia St.,68.2,2.5,2.6,2.0,0.6,106.7,28.9,43.6,53.2,2.6,13.2,18.1,12.3,1.2,3.3,51.0,78,201,0.388,10.7,50,150,0.333
163,Jaden Winston,Jr,6-0,72,Pacific,Manhattan,88.2,2.5,0.0,0.3,-0.3,111.1,23.0,51.2,57.5,2.1,7.5,22.9,16.9,0.1,4.2,45.2,112,229,0.489,6.2,43,116,0.371
164,RJ Johnson,Jr,6-4,76,Mississippi St.,Kennesaw St.,70.3,2.5,2.2,2.7,-0.4,110.8,25.2,51.3,53.9,2.2,9.0,27.7,15.3,1.3,2.2,43.9,103,227,0.454,7.7,52,126,0.413
165,Brent Bland,Sr,6-3,75,Miami FL,Saint Peter's,83.5,2.5,2.9,2.0,0.9,118.0,19.0,50.0,54.7,4.3,13.6,9.6,10.2,1.3,3.4,35.6,38,92,0.413,13.3,74,206,0.359
166,Christian Reeves,Jr,7-1,85,Kansas,Charleston,51.5,2.5,4.5,4.1,0.5,125.1,22.3,65.2,65.0,15.0,24.4,4.0,11.4,7.7,0.7,52.5,133,204,0.652,0.0,0,0,0.0
167,Nyle Ralph-Beyer,So,6-4,76,VCU,Sacred Heart,72.0,2.5,0.0,2.9,-2.9,119.4,18.9,59.6,61.6,4.0,10.3,4.9,10.1,0.6,0.9,16.4,58,121,0.479,12.9,90,203,0.443
168,Kahlil Singleton,Jr,6-3,75,New Orleans,Canisius,84.3,2.5,-1.0,1.4,-2.4,120.4,17.2,53.9,57.9,1.9,8.8,6.5,5.7,0.3,0.4,23.5,43,95,0.453,13.2,83,216,0.384
169,Drew Scharnowski,So,6-9,81,Duke,Belmont,52.2,2.5,6.4,3.5,2.9,116.7,25.7,68.3,62.5,12.7,19.5,22.1,17.9,7.9,2.0,73.3,129,186,0.694,0.4,1,5,0.2
170,LeJuan Watts,Jr,6-6,78,Washington,Texas Tech,66.1,2.5,2.1,0.8,1.3,104.8,25.6,47.5,53.4,8.0,16.7,15.7,20.9,0.9,1.4,44.7,105,222,0.473,5.1,25,78,0.321
171,Frankquon Sherman,Jr,6-7,79,High Point,Kennesaw St.,64.5,2.5,1.9,2.1,-0.2,120.2,19.9,52.1,57.6,13.7,22.2,7.5,13.4,3.2,2.1,57.2,87,152,0.572,5.6,24,84,0.286
172,Ace Valentine,Jr,6-3,75,Robert Morris,UMBC,78.9,2.5,1.1,0.8,0.2,121.8,18.6,58.5,61.5,0.4,13.3,21.8,13.4,0.1,1.6,33.6,88,145,0.607,6.6,40,108,0.37
173,KJ Lewis,Jr,6-4,76,USC,Georgetown,61.1,2.5,5.2,2.1,3.1,102.6,27.6,45.6,51.5,4.6,15.0,18.0,16.0,2.2,4.2,44.7,104,228,0.456,7.5,32,105,0.305
174,Ethan Roberts,Sr,6-5,77,Notre Dame,Penn,58.4,2.5,0.5,0.9,-0.4,106.7,27.3,45.2,52.4,2.9,11.4,15.9,12.5,0.5,1.7,47.3,73,187,0.39,8.0,36,94,0.383
175,Styles Phipps,So,6-2,74,Nevada,Pepperdine,85.2,2.5,0.6,0.8,-0.2,104.6,24.9,45.0,51.9,6.5,13.6,31.8,19.4,0.5,2.5,47.5,115,251,0.458,4.0,20,71,0.282
176,Joel Foxwell,Fr,6-1,73,Arizona St.,Portland,88.9,2.4,1.1,1.9,-0.8,102.2,26.9,47.2,50.9,2.0,11.8,36.8,18.6,0.3,2.2,24.0,110,238,0.462,10.4,67,208,0.322
177,Will Hornseth,So,6-8,80,Utah St.,Northern Iowa,65.0,2.4,4.6,2.5,2.2,112.6,23.4,61.1,60.3,6.3,15.1,18.5,15.0,3.1,1.2,32.5,165,271,0.609,0.6,4,9,0.444
178,Roberts Blums,So,6-4,76,Penn St.,Davidson,53.0,2.4,5.4,5.8,-0.4,113.9,25.4,57.7,58.7,3.3,15.3,10.5,10.3,0.0,1.5,25.2,57,106,0.538,16.3,72,180,0.4
179,Trevian Carson,Jr,6-3,75,Cincinnati,North Dakota St.,80.4,2.4,4.3,2.3,2.0,118.5,19.2,54.5,57.2,7.3,16.5,16.4,15.4,1.7,3.1,20.3,103,193,0.534,6.6,44,117,0.376
180,Dorian Finister,Jr,6-5,77,Charlotte,Louisiana,76.3,2.4,2.0,2.4,-0.4,109.2,25.0,50.7,55.8,4.7,13.4,14.5,14.2,1.8,2.1,47.5,111,229,0.485,6.7,40,108,0.37
181,Dennis Parker Jr.,Jr,6-6,78,Kansas,Radford,74.6,2.4,2.1,2.9,-0.8,109.2,28.2,55.2,58.0,6.2,15.9,9.5,15.5,2.0,2.8,50.4,123,225,0.547,9.4,56,150,0.373
182,Trevan Leonhardt,Jr,6-4,76,Nebraska,Utah Valley,87.1,2.4,5.1,2.4,2.7,111.6,19.3,57.4,60.2,2.2,16.2,28.4,24.7,2.0,3.5,30.3,100,168,0.595,5.4,37,103,0.359
183,Kobi Williams,Jr,6-4,76,Tulsa,Missouri St.,85.5,2.4,-0.6,1.0,-1.5,114.5,18.4,53.0,58.8,2.5,6.2,8.1,14.2,0.6,1.6,42.9,44,92,0.478,11.6,77,209,0.368
184,Alex Wilkins,Fr,6-5,77,Kentucky,Furman,75.1,2.4,-1.9,0.3,-2.2,103.9,34.2,52.1,56.5,0.9,6.5,34.8,22.3,0.5,1.5,30.7,147,267,0.551,11.2,58,182,0.319
185,Tru Washington,Jr,6-4,76,Xavier,Miami FL,60.9,2.4,4.5,1.9,2.6,112.6,21.1,50.5,54.0,5.8,11.5,11.0,14.1,0.0,3.8,30.0,96,195,0.492,7.1,37,105,0.352
186,Michael James,Jr,6-1,73,Alabama St.,Mississippi Valley St.,88.2,2.4,-0.2,2.6,-2.8,103.7,28.8,50.5,55.2,2.7,8.2,20.7,15.8,0.1,2.7,24.7,155,303,0.512,11.3,74,224,0.33
187,Devin Vanterpool,So,6-4,76,Providence,Florida Atlantic,55.6,2.4,3.9,1.9,2.1,108.7,23.6,52.3,55.9,3.2,17.7,14.8,16.9,2.5,2.8,28.4,63,129,0.488,11.0,50,135,0.37
188,Elyjah Freeman,So,6-8,80,Texas,Auburn,66.4,2.4,4.3,2.8,1.4,116.3,17.3,50.9,54.7,7.9,15.2,7.8,13.5,2.6,2.8,42.5,83,164,0.506,5.8,35,102,0.343
189,Petar Majstorovic,So,6-8,80,Pepperdine,Long Beach St.,78.5,2.4,1.8,1.2,0.7,109.9,22.3,57.0,60.4,6.1,18.4,11.4,18.3,1.0,3.0,34.9,136,214,0.636,5.5,26,93,0.28
190,Bukky Oboye,So,7-1,85,Auburn,Santa Clara,44.1,2.4,4.6,1.7,2.9,129.8,17.7,68.9,68.9,10.1,17.6,5.8,15.1,7.8,2.2,39.0,101,131,0.771,3.1,8,33,0.242
191,Arrinten Page,Jr,6-11,83,Providence,Northwestern,48.5,2.4,7.0,3.5,3.5,112.7,23.0,57.2,59.3,6.6,17.6,16.6,14.5,6.1,2.3,43.5,102,163,0.626,4.1,11,44,0.25
192,Colin Smith,Sr,6-8,80,Northwestern,UC Santa Barbara,72.8,2.4,0.7,1.8,-1.1,115.7,19.7,55.3,61.0,5.4,12.3,9.9,17.4,0.7,1.1,48.5,62,123,0.504,7.6,46,114,0.404
193,Hudson Mayes,Fr,6-5,77,New Mexico,UC San Diego,60.5,2.3,4.0,2.0,2.0,118.2,21.4,56.4,61.4,5.9,19.2,14.0,13.8,1.4,2.2,47.7,116,204,0.569,2.3,11,31,0.355
194,Baye Ndongo,Jr,6-9,81,Pittsburgh,Georgia Tech,58.9,2.3,3.3,1.6,1.7,108.6,23.1,56.7,59.6,12.0,20.4,18.0,21.8,4.3,1.7,39.1,120,211,0.569,1.1,5,14,0.357
195,Liutauras Lelevicius,Jr,6-7,79,Clemson,TCU,56.8,2.3,3.8,2.5,1.4,126.7,13.4,57.4,61.4,3.5,13.6,5.2,9.1,0.6,1.1,26.9,44,76,0.579,8.7,46,121,0.38
196,Andrija Bukumirovic,Jr,6-7,79,Boston College,Tennessee Martin,74.8,2.3,3.4,2.4,0.9,116.6,21.0,57.2,57.8,9.3,19.0,8.3,12.4,3.7,2.5,35.2,108,178,0.607,8.4,44,126,0.349
197,Lateef Patrick Jr,Jr,6-2,74,Fordham,Stephen F. Austin,72.2,2.3,1.3,0.9,0.4,107.4,27.1,45.2,50.2,3.9,8.8,12.3,11.0,0.5,2.9,29.3,97,223,0.435,12.8,62,197,0.315
198,Ben Bradford,So,6-5,77,Charleston,Charlotte,69.1,2.3,-0.5,0.9,-1.4,108.2,25.8,49.8,55.8,5.0,11.2,11.6,17.1,0.4,2.0,46.8,115,220,0.523,7.2,32,107,0.299
199,MJ Thomas,So,6-8,80,UNLV,New Orleans,64.1,2.3,1.7,1.7,0.0,114.7,21.2,53.6,59.1,14.1,18.9,11.7,18.3,2.8,1.8,65.2,117,221,0.529,0.2,2,3,0.667
200,Bangot Dak,Jr,6-11,83,Vanderbilt,Colorado,61.7,2.3,3.5,2.1,1.5,109.7,22.5,51.5,54.7,7.4,22.1,10.8,13.0,6.4,1.5,29.5,131,241,0.544,3.7,14,54,0.259
201,Roman Siulepa,Fr,6-6,78,Mississippi,Pittsburgh,66.1,2.3,2.5,2.1,0.4,111.1,21.0,51.5,51.7,12.7,12.1,7.3,10.7,2.8,2.4,39.4,95,171,0.556,6.9,29,98,0.296
202,Duncan Powell,Jr,6-8,80,Georgetown,Georgia Tech,70.6,2.3,2.5,2.1,0.5,110.6,19.5,52.8,55.7,6.2,14.1,5.2,11.9,1.6,1.3,37.6,82,158,0.519,8.8,53,148,0.358
203,Kolton Mitchell,So,6-1,73,Ohio,Idaho,70.3,2.3,2.3,1.7,0.6,110.9,23.3,48.9,54.0,1.3,11.4,22.7,13.9,0.4,2.1,38.0,58,132,0.439,11.8,66,189,0.349
204,Tyler Boston,So,6-0,72,Seattle,Holy Cross,78.7,2.3,-1.5,0.2,-1.7,110.8,24.7,50.6,56.9,0.8,13.0,25.1,13.8,0.0,1.6,42.9,93,196,0.474,7.5,45,121,0.372
205,Jamie Kaiser Jr.,So,6-6,78,Richmond,Butler,67.1,2.3,2.6,1.5,1.2,118.7,14.5,52.4,55.8,5.2,11.5,6.2,9.4,0.2,2.4,29.3,58,109,0.532,7.6,40,116,0.345
206,Jon Carroll,Jr,6-7,79,Drake,Morehead St.,62.0,2.3,-0.7,1.0,-1.7,120.1,21.2,56.7,60.8,14.8,21.9,5.4,14.7,2.3,2.0,56.7,118,207,0.57,0.1,0,1,0.0
207,Eian Elmer,Jr,6-6,78,Wisconsin,Miami OH,77.0,2.3,3.4,2.3,1.0,120.5,17.4,61.8,64.2,3.9,18.4,5.9,13.4,2.4,2.2,34.2,61,105,0.581,9.4,69,161,0.429
208,Tanner Hayhurst,Jr,6-6,78,Western Michigan,Southern Utah,74.3,2.3,-0.9,0.6,-1.5,121.7,13.8,58.5,62.0,3.1,8.8,8.6,12.7,0.0,1.2,25.9,53,102,0.52,6.4,43,99,0.434
209,Ty Pence,Jr,6-6,78,Akron,Illinois St.,58.8,2.3,4.1,2.5,1.6,120.7,19.2,59.0,60.8,5.9,16.1,13.3,12.3,1.4,1.2,30.4,101,165,0.612,5.4,27,75,0.36
210,Angel Montas Jr.,Jr,6-6,78,Toledo,UMass Lowell,69.3,2.3,0.8,2.9,-2.1,110.8,25.7,55.1,56.6,6.1,13.3,11.0,13.8,1.2,1.7,28.0,150,263,0.57,6.3,30,91,0.33
211,Moustapha Thiam,So,7-2,86,Michigan,Cincinnati,63.5,2.2,5.0,1.6,3.4,108.2,22.0,54.9,56.5,8.8,20.4,4.1,13.2,6.8,1.6,32.1,145,253,0.573,3.6,15,52,0.288
212,Koree Cotton,Jr,6-6,78,DePaul,UT Rio Grande Valley,68.6,2.2,4.5,2.3,2.2,107.1,27.2,54.8,59.1,4.1,18.0,18.9,20.1,4.6,2.2,39.9,94,182,0.516,9.0,51,129,0.395
213,Eric Mahaffey,So,6-4,76,Cincinnati,Akron,53.9,2.2,3.2,2.0,1.2,129.0,16.9,59.4,62.0,10.5,18.7,11.2,13.6,2.9,1.7,31.5,70,118,0.593,5.0,25,63,0.397
214,Jurian Dixon,So,6-5,77,Virginia,UC Irvine,76.2,2.2,2.8,1.8,1.0,108.3,24.3,49.3,53.0,2.9,9.3,16.3,11.6,0.2,2.2,24.9,121,270,0.448,9.2,63,167,0.377
215,Torey Alston,So,6-8,80,VCU,Middle Tennessee,73.7,2.2,0.5,0.2,0.3,108.9,23.3,55.6,58.5,7.9,23.2,9.9,17.3,4.1,1.0,74.5,132,226,0.584,1.2,2,17,0.118
216,Garrett Johnson,Jr,6-8,80,South Florida,George Washington,47.9,2.2,1.3,2.6,-1.3,115.3,22.4,50.4,54.8,4.4,13.1,9.8,11.6,0.7,1.0,27.7,55,107,0.514,13.9,53,160,0.331
217,JaJuan Nicholls,Jr,6-8,80,Southern Utah,Tennessee Tech,45.6,2.2,3.5,4.6,-1.1,121.8,26.1,60.7,63.3,13.0,20.4,6.2,12.3,4.5,1.0,53.4,116,191,0.607,0.0,0,0,0.0
218,Jayden Reid,Jr,5-10,70,Memphis,Northwestern,64.2,2.2,1.7,1.6,0.1,104.8,25.9,44.5,50.4,1.4,5.3,37.4,17.1,0.7,2.4,34.2,82,191,0.429,7.1,32,101,0.317
219,Chance Trujillo,So,6-4,76,Hawaii,Utah Tech,82.1,2.2,-0.8,0.6,-1.4,111.1,19.0,52.4,55.5,2.5,8.8,15.0,14.0,0.8,1.6,23.2,56,111,0.505,11.3,71,199,0.357
220,David Terrell Jr.,Jr,6-4,76,SMU,North Texas,81.4,2.2,2.9,0.7,2.2,105.7,24.7,45.1,50.7,2.2,11.4,32.9,15.4,1.1,3.0,58.9,120,258,0.465,4.0,18,68,0.265
221,Adam Clark,Jr,5-10,70,Mississippi,Seton Hall,76.6,2.2,2.6,-0.2,2.9,101.4,26.1,45.0,49.9,2.0,9.3,33.6,19.9,0.3,3.9,36.4,147,316,0.465,2.4,9,41,0.22
222,Eemeli Yalaho,Jr,6-8,80,N.C. State,Washington St.,71.3,2.2,1.5,2.3,-0.8,113.8,18.1,57.8,60.5,6.7,16.7,10.8,19.3,1.0,0.9,26.0,57,104,0.548,8.4,51,127,0.402
223,Myles Colvin,Jr,6-5,77,Cincinnati,Wake Forest,67.1,2.2,2.3,2.0,0.3,108.8,21.8,50.0,56.3,5.6,13.4,9.4,17.1,1.5,2.5,37.7,64,141,0.454,10.0,59,164,0.36
224,Gabe Oldham,Jr,6-8,80,Drake,Denver,64.2,2.2,-0.6,0.9,-1.5,133.2,11.9,70.0,66.7,14.2,19.8,6.4,16.2,1.7,1.5,42.0,70,100,0.7,0.0,0,0,0.0
225,Justin Ray,So,6-3,75,Wake Forest,Monmouth,71.4,2.2,0.7,0.1,0.6,120.4,16.7,54.1,58.4,1.3,7.3,8.4,8.3,0.5,2.3,25.6,59,129,0.457,9.6,62,152,0.408
226,Elijah Jones,Jr,6-8,80,George Mason,UTEP,71.2,2.2,1.5,2.2,-0.6,112.0,21.6,55.4,56.7,6.5,15.9,5.0,9.8,4.1,1.4,16.6,92,176,0.523,9.0,48,120,0.4
227,Lassina Traore,Jr,6-10,82,Xavier,Long Beach St.,75.8,2.2,-1.1,0.1,-1.2,109.3,20.0,52.5,56.5,12.2,24.9,7.6,17.6,2.2,1.6,53.0,148,281,0.527,0.2,1,4,0.25
228,De'Shayne Montgomery,Jr,6-4,76,Louisville,Dayton,73.7,2.2,5.3,1.9,3.4,108.8,21.7,56.2,59.0,3.5,12.4,16.0,17.0,2.4,4.1,24.7,127,210,0.605,8.3,52,155,0.335
229,Noah Pagotto,Jr,6-7,79,Northern Kentucky,East Texas A&M,66.8,2.2,0.6,0.6,0.1,119.6,17.6,59.8,62.9,7.8,16.6,8.6,12.8,2.5,1.9,36.4,101,167,0.605,3.4,18,47,0.383
230,Qadir Martin,So,6-5,77,Fairfield,Mercyhurst,78.7,2.2,1.8,0.7,1.2,118.9,18.6,59.7,60.1,8.3,18.6,7.1,9.8,9.3,1.7,29.7,163,266,0.613,1.0,4,17,0.235
231,Andrew McKeever,Jr,7-1,85,Iowa,Saint Mary's,58.2,2.2,4.6,2.0,2.6,111.5,23.1,50.7,53.5,19.7,25.5,15.1,19.8,4.0,1.4,43.9,104,205,0.507,0.0,0,0,0.0
232,Latrell Davis,So,6-3,75,San Diego St.,San Jose St.,62.9,2.2,0.9,2.0,-1.1,109.3,21.9,54.1,57.2,2.7,11.5,12.0,13.7,0.0,1.4,47.5,65,131,0.496,9.1,50,128,0.391
233,Tunde Vahlberg Fasasi,Jr,6-7,79,New Mexico,William & Mary,68.7,2.2,2.8,2.3,0.5,116.1,20.2,55.5,59.1,4.7,12.5,16.6,12.8,3.5,2.4,30.5,76,133,0.571,9.2,50,139,0.36
234,Emmett Adair,Fr,6-9,81,George Mason,Loyola MD,54.7,2.1,-2.2,2.1,-4.4,111.7,27.8,53.1,55.8,10.1,14.5,8.8,11.4,1.4,0.8,15.3,106,183,0.579,12.1,43,138,0.312
235,Tyler Hendricks,Jr,6-6,78,Oklahoma,Utah Valley,61.0,2.1,3.2,2.4,0.8,117.2,16.0,58.4,60.1,3.9,12.2,10.9,15.9,2.4,2.3,16.8,50,96,0.521,8.8,50,118,0.424
236,Braden East,So,6-9,81,Houston,Lamar,58.6,2.1,1.5,2.0,-0.5,109.9,26.7,53.3,56.2,13.5,31.0,7.1,15.7,4.8,1.2,33.8,139,259,0.537,1.4,5,16,0.313
237,Solomon Callaghan,So,6-2,74,Utah St.,Wright St.,68.5,2.1,-0.1,1.4,-1.5,125.7,15.0,57.2,62.1,1.6,6.8,6.5,11.5,0.0,1.0,28.8,30,64,0.469,11.0,70,172,0.407
238,Jaylen Curry,Jr,6-1,73,Virginia Tech,Oklahoma St.,55.6,2.1,2.9,1.4,1.4,109.3,21.8,46.3,52.0,1.1,12.9,25.9,14.4,0.3,2.8,35.9,89,194,0.459,5.4,25,79,0.316
239,Corneilous Williams,Jr,6-9,81,Memphis,North Alabama,77.8,2.1,-2.8,0.1,-2.8,117.6,19.2,53.5,57.8,12.8,20.9,5.2,12.5,2.9,0.9,55.8,116,217,0.535,0.0,0,0,0.0
240,Layne Taylor,So,5-11,71,Arkansas St.,Murray St.,57.6,2.1,1.1,1.8,-0.7,122.4,16.5,52.7,55.1,3.7,8.5,22.4,13.3,0.1,1.6,18.4,35,64,0.547,10.3,49,142,0.345
241,Oswin Erhunmwunse,So,6-10,82,Creighton,Providence,60.9,2.1,3.0,1.1,1.9,119.9,14.5,67.3,65.4,14.2,22.0,5.3,21.4,8.5,0.7,40.1,99,147,0.673,0.0,0,0,0.0
242,Victor Valdes,Jr,6-7,79,Georgia Tech,Troy,71.4,2.1,0.2,0.2,0.1,102.0,31.3,44.2,52.2,4.2,11.3,31.8,22.1,1.5,2.6,61.9,112,227,0.493,7.9,29,125,0.232
243,Yoav Berman,So,6-6,78,Duquesne,Queens,72.9,2.1,-0.6,0.9,-1.5,114.1,22.3,48.1,54.5,3.7,11.7,20.7,14.5,1.5,1.8,46.2,88,172,0.512,8.1,42,142,0.296
244,All Wright,So,6-3,75,Loyola Marymount,Xavier,55.2,2.1,0.3,0.7,-0.5,120.9,14.9,56.5,59.7,1.3,6.8,15.3,10.3,0.1,1.3,23.7,48,96,0.5,6.9,38,90,0.422
245,DeShawn Gory,Fr,6-6,78,Oregon St.,Fresno St.,74.1,2.1,3.3,2.0,1.3,106.2,23.6,52.0,53.6,3.9,20.3,15.5,13.0,1.4,1.4,22.6,141,248,0.569,6.9,30,110,0.273
246,Dylan Williamson,Sr,6-1,73,Rhode Island,Towson,92.1,2.1,0.2,0.8,-0.7,106.1,22.6,46.6,48.0,1.3,6.5,19.8,12.6,0.3,1.4,10.3,99,231,0.429,12.5,79,236,0.335
247,Luke Wilson,So,6-9,81,Syracuse,Appalachian St.,72.1,2.1,2.7,1.4,1.3,117.8,19.1,62.1,61.1,12.3,19.8,4.3,13.4,7.7,0.9,122.4,100,161,0.621,0.0,0,0,0.0
248,Ethan Copeland,Jr,6-2,74,Virginia Tech,Stetson,80.1,2.1,1.4,2.2,-0.9,113.7,20.6,56.5,58.7,1.6,12.5,13.5,12.0,0.2,2.8,16.0,57,122,0.467,13.8,96,234,0.41
249,Nils Cooper,Jr,6-6,78,Loyola Marymount,UC Davis,50.1,2.1,2.6,1.4,1.2,112.3,22.9,55.9,59.9,6.8,14.9,16.2,15.6,1.8,3.2,55.1,99,159,0.623,3.3,7,37,0.189
250,Ty Rodgers,So,6-6,78,Boise St.,Illinois,56.7,2.1,4.4,2.8,1.5,113.8,16.6,52.7,54.0,11.3,13.9,14.4,18.9,1.5,1.1,34.9,98,185,0.53,0.1,0,1,0.0
251,Kennard Davis Jr.,Jr,6-6,78,Missouri,BYU,67.3,2.1,2.4,0.9,1.5,115.6,13.4,50.6,52.7,3.1,6.9,6.8,10.2,0.8,2.1,16.8,41,73,0.562,9.9,53,165,0.321
252,Makhai Valentine,So,6-3,75,George Mason,Northern Illinois,75.9,2.1,1.3,2.2,-0.9,114.5,18.8,53.5,57.5,5.5,14.7,7.1,12.2,0.7,1.7,30.5,45,88,0.511,12.2,66,181,0.365
253,Asa Thomas,So,6-7,79,Illinois Chicago,Furman,52.9,2.1,2.0,2.4,-0.4,119.8,19.0,54.7,56.9,1.1,13.0,12.6,7.4,1.9,0.8,21.5,21,51,0.412,15.9,71,182,0.39
254,William Kermoury,Jr,6-5,77,UNC Wilmington,Northeastern,58.3,2.1,0.7,2.8,-2.2,112.8,22.2,57.9,59.2,1.9,13.0,16.3,13.8,0.0,2.2,16.5,50,94,0.532,14.5,74,184,0.402
255,Naithan George,Jr,6-3,75,Pittsburgh,Syracuse,78.7,2.1,1.7,1.1,0.6,102.4,22.8,47.1,53.5,2.0,8.6,30.2,24.5,1.0,2.7,39.4,75,151,0.497,7.0,36,123,0.293
256,Kareem Thomas,So,6-5,77,Seton Hall,Dartmouth,70.9,2.0,-2.2,-0.1,-2.1,105.6,26.5,52.3,59.6,1.5,9.2,11.1,17.7,0.8,1.1,66.0,66,152,0.434,7.4,41,92,0.446
257,Christian Harmon,Jr,6-6,78,Virginia,Arkansas St.,68.9,2.0,2.2,2.9,-0.7,113.3,21.6,52.8,56.6,4.7,9.6,16.0,18.8,0.5,1.8,27.9,41,78,0.526,15.1,81,230,0.352
258,Max Frazier,Jr,6-9,81,Hampton,Central Connecticut,72.1,2.0,0.9,0.3,0.6,117.7,19.5,64.4,64.3,7.4,21.3,6.6,15.1,6.9,1.9,36.5,143,220,0.65,0.2,0,2,0.0
259,Isaiah Elohim,So,6-5,77,Virginia Tech,Florida Atlantic,68.3,2.0,0.7,0.9,-0.2,112.4,19.5,51.6,54.1,3.5,12.3,7.0,8.8,1.2,1.1,36.1,96,190,0.505,6.5,35,98,0.357
260,Lucas Scroggins,So,6-9,81,Illinois Chicago,Saint Peter's,40.0,2.0,2.5,2.0,0.4,138.6,14.6,66.7,64.3,18.5,15.6,5.5,6.5,7.6,1.6,38.5,64,96,0.667,0.0,0,0,0.0
261,Luke Almodovar,Jr,6-3,75,Memphis,Southeast Missouri St.,69.5,2.0,1.7,1.6,0.1,113.1,22.8,52.5,56.4,1.8,14.3,4.9,9.0,0.8,2.2,33.3,82,144,0.569,13.1,63,192,0.328
262,Juslin Bodo Bodo,So,7-0,84,Baylor,High Point,55.4,2.0,3.6,2.7,0.9,130.1,13.8,65.5,63.4,18.0,27.9,1.4,13.5,6.8,1.5,62.8,74,113,0.655,0.0,0,0,0.0
263,Caden Pierce,Jr,6-6,78,Purdue,Princeton,82.9,2.0,0.8,0.5,0.3,107.2,21.0,51.1,53.3,6.9,20.4,19.1,17.0,1.4,1.9,26.2,101,192,0.526,5.0,25,79,0.316
264,Filip Jovic,Fr,6-8,80,UCLA,Auburn,44.1,2.0,2.1,1.6,0.5,123.7,16.6,64.0,62.4,12.7,12.8,5.9,13.9,2.0,2.0,71.2,89,136,0.654,0.3,0,3,0.0
265,Najai Hines,Fr,6-10,82,Connecticut,Seton Hall,42.4,2.0,7.0,2.2,4.8,122.7,17.8,60.2,62.3,15.3,19.9,6.6,15.1,16.3,1.3,43.6,80,133,0.602,0.0,0,0,0.0
266,RaSheed Jones,Jr,6-6,78,Rutgers,Coastal Carolina,89.8,2.0,1.4,0.7,0.8,109.5,21.3,48.7,53.2,1.4,11.3,16.5,11.4,1.4,1.6,29.7,82,190,0.432,10.0,70,194,0.361
267,KJ Younger,Fr,6-4,76,Texas St.,UNC Greensboro,71.1,2.0,-0.4,2.0,-2.4,112.1,24.5,52.7,56.3,4.2,13.4,8.0,10.3,0.8,1.8,42.0,98,182,0.538,11.0,60,175,0.343
268,Samson Aletan,Jr,6-10,82,Providence,Yale,63.9,2.0,1.9,0.6,1.3,121.4,16.5,57.8,58.7,11.7,15.2,8.2,13.3,6.9,1.6,63.9,85,147,0.578,0.0,0,0,0.0
269,Mark Lavrenov,Fr,6-8,80,New Mexico St.,Sacramento St.,68.7,2.0,-3.9,-1.0,-2.9,114.9,19.1,46.5,56.0,10.6,18.9,3.3,10.9,1.1,0.9,65.2,80,168,0.476,2.4,9,33,0.273
270,Jerone Morton,Jr,6-4,76,Kentucky,Washington St.,62.0,2.0,0.6,0.8,-0.2,116.3,17.1,52.2,56.8,3.0,5.8,18.5,16.0,0.8,1.8,33.0,50,106,0.472,6.0,31,79,0.392
271,Amon Dorries,Fr,6-11,83,Richmond,Bucknell,80.2,2.0,-1.7,0.2,-1.9,107.6,25.0,57.8,61.4,6.3,10.2,10.9,19.9,1.6,1.4,35.5,173,288,0.601,4.7,28,84,0.333
272,Christian Gurdak,Fr,6-10,82,Rutgers,Virginia Tech,40.2,2.0,2.8,2.1,0.7,130.2,15.5,63.2,65.2,14.8,15.4,3.5,12.9,2.5,1.1,52.8,67,106,0.632,0.0,0,0,0.0
273,TJ Burch,So,6-1,73,Utah,Wright St.,62.3,2.0,4.3,1.4,2.8,108.1,28.6,49.7,53.0,4.8,7.0,26.9,17.0,1.3,5.9,28.9,135,276,0.489,5.2,26,74,0.351
274,ND Okafor,Jr,6-9,81,Mississippi St.,Washington St.,58.3,2.0,-0.1,-0.7,0.6,107.2,24.7,58.1,59.7,10.4,18.6,8.3,20.3,6.6,1.3,35.5,144,248,0.581,0.0,0,0,0.0
275,Krystian Lewis,So,6-3,75,Tulane,Louisiana Monroe,90.2,2.0,-3.3,-0.2,-3.1,100.4,28.0,43.9,52.3,1.5,13.1,19.5,15.9,0.2,2.2,48.4,101,247,0.409,9.9,61,191,0.319
276,Davion Hill,So,6-2,74,San Diego,Ball St.,67.8,2.0,3.4,2.9,0.5,106.9,27.7,51.2,54.7,3.8,16.6,22.0,13.3,1.4,2.7,30.3,115,224,0.513,8.1,36,106,0.34
277,Luka Bogavac,Jr,6-6,78,Oklahoma St.,North Carolina,60.6,2.0,1.8,1.5,0.3,109.4,20.7,49.8,52.9,2.6,8.4,16.2,13.3,0.0,0.9,26.6,57,122,0.467,10.8,52,149,0.349
278,Tyler Behrend,Jr,6-10,82,Grand Canyon,Tulsa,53.0,2.0,3.0,1.4,1.6,122.6,16.9,57.7,60.7,11.3,15.9,15.7,18.6,1.9,1.8,57.0,71,112,0.634,2.8,10,37,0.27
279,Terrance Dixon Jr.,Sr,6-8,80,Georgia St.,Southern,53.3,2.0,0.2,0.3,-0.1,124.7,17.4,68.6,67.6,9.1,15.0,4.3,13.5,6.9,1.5,71.7,109,159,0.686,0.0,0,0,0.0
280,Dovydas Butka,So,6-9,81,Boise St.,Campbell,77.8,2.0,0.2,0.9,-0.7,104.5,23.0,50.5,52.0,10.1,18.4,15.4,17.4,0.3,2.0,49.7,148,278,0.532,1.7,5,30,0.167
281,Ade Popoola,Jr,6-5,77,DePaul,Tulsa,71.7,2.0,3.6,2.3,1.3,115.7,16.7,57.3,59.0,3.3,12.4,8.2,15.2,1.0,2.8,16.6,31,78,0.397,12.7,97,230,0.422
282,Leon Bond III,Jr,6-5,77,Iowa St.,Northern Iowa,82.9,2.0,2.2,0.6,1.6,109.2,19.1,54.1,56.4,2.8,14.3,9.1,10.4,2.8,1.4,21.1,117,218,0.537,6.6,45,123,0.366
283,Amiri Stewart,Sr,6-3,75,Campbell,Sacred Heart,66.3,2.0,1.6,0.3,1.4,108.0,24.2,49.2,54.0,5.3,14.0,19.8,16.1,3.5,3.5,43.2,106,205,0.517,6.4,28,96,0.292
284,Rodney Brown Jr.,Jr,6-6,78,Seton Hall,Loyola Marymount,78.6,1.9,0.7,1.4,-0.8,108.2,20.6,54.0,56.1,1.6,6.9,10.8,13.6,0.2,1.3,14.7,62,125,0.496,13.2,84,223,0.377
285,CJ Hines,Sr,6-2,74,Temple,Alabama St.,71.8,1.9,0.0,1.2,-1.2,106.7,24.1,49.2,51.6,2.7,8.5,17.7,10.9,0.5,2.0,21.3,103,236,0.436,10.4,68,181,0.376
286,Peter Bandelj,So,6-4,76,Nevada,Cal Poly,74.5,1.9,-0.4,0.5,-0.9,108.7,20.5,49.1,55.8,3.5,10.0,18.8,19.6,0.6,2.1,41.9,60,127,0.472,8.9,53,157,0.338
287,Cayden Vasko,Jr,6-6,78,UCF,Wofford,81.7,1.9,-0.3,0.4,-0.8,118.9,18.1,50.0,53.3,3.6,13.2,22.6,11.1,1.0,2.0,22.1,59,117,0.504,9.6,54,163,0.331
288,Brigham Rogers,Jr,6-9,81,Murray St.,Belmont,44.8,1.9,3.7,2.1,1.6,127.8,17.1,72.2,69.6,9.1,14.3,16.3,18.4,4.2,1.2,27.1,96,133,0.722,0.0,0,0,0.0
289,Carson Schwieger,So,6-8,80,Tulane,Queens,59.6,1.9,0.0,2.7,-2.7,126.0,16.1,61.1,61.7,3.8,11.1,5.7,7.7,0.5,1.2,10.2,24,42,0.571,15.5,92,223,0.413
290,Cord Stansberry,Sr,6-4,76,Missouri,Western Carolina,75.5,1.9,0.0,1.4,-1.4,109.4,23.9,44.4,50.4,2.7,12.8,12.6,11.2,0.0,1.7,37.1,74,172,0.43,12.1,56,184,0.304
291,Jalik Dunkley,So,6-7,79,Robert Morris,Nicholls St.,65.5,1.9,-0.1,1.3,-1.4,109.2,21.9,58.7,57.7,9.9,18.7,7.8,14.6,2.7,1.9,61.4,122,204,0.598,2.6,13,37,0.351
292,Stevie Elam,Fr,6-3,75,Miami OH,Milwaukee,52.8,1.9,0.4,1.6,-1.2,119.1,17.7,50.2,53.9,4.9,16.3,5.6,6.0,1.4,2.1,24.3,33,74,0.446,12.8,51,144,0.354
293,AJ Dancler,Jr,6-2,74,South Florida,Coastal Carolina,82.0,1.9,0.8,0.7,0.1,107.2,23.8,49.0,52.5,2.0,14.6,13.7,10.7,0.4,1.4,27.3,84,210,0.4,11.1,77,197,0.391
294,Evan Chatman,Jr,6-8,80,Baylor,UAB,72.0,1.9,2.1,1.3,0.7,118.9,15.3,48.6,53.0,9.5,23.4,6.3,7.4,3.1,1.5,48.1,70,133,0.526,5.0,22,79,0.278
295,Parker Friedrichsen,Jr,6-4,76,Washington,Davidson,63.7,1.9,2.3,1.6,0.8,109.7,21.5,53.7,56.7,2.5,9.6,11.3,13.7,0.1,2.7,29.0,47,108,0.435,12.1,65,161,0.404
296,Francis Folefac,Fr,6-7,79,Syracuse,Siena,70.0,1.9,2.5,0.7,1.8,109.9,23.5,52.6,57.7,8.7,14.0,16.1,18.9,5.2,1.9,53.3,135,258,0.523,1.0,6,16,0.375
297,Jordan Ellerbee,Fr,6-4,76,Butler,Florida Gulf Coast,68.3,1.9,-0.5,1.1,-1.6,111.4,24.0,54.8,57.5,4.2,10.3,15.6,15.9,0.4,1.8,27.2,104,186,0.559,9.8,53,149,0.356
298,Miles Rubin,Jr,6-10,82,Tennessee,Loyola Chicago,73.9,1.9,3.6,0.9,2.7,107.6,21.0,58.5,58.4,8.0,20.2,18.8,19.7,9.6,1.4,33.5,161,274,0.588,0.1,0,1,0.0
299,Neoklis Avdalas,Fr,6-9,81,North Carolina,Virginia Tech,74.7,1.9,1.6,1.3,0.3,101.9,23.5,46.0,49.1,0.4,11.0,26.9,17.7,1.9,1.1,30.2,80,178,0.449,9.4,49,156,0.314
300,Nate Pickens,Jr,6-3,75,BYU,UC Riverside,67.2,1.9,0.6,0.9,-0.2,110.2,19.6,49.6,54.9,4.6,10.4,13.5,16.5,1.7,1.7,44.0,49,124,0.395,7.9,47,117,0.402
301,Marqui Worthy,Jr,6-3,75,San Diego,UC Riverside,87.6,1.9,-0.6,0.3,-0.9,100.5,25.9,49.7,55.5,3.4,11.9,18.2,21.2,0.9,2.1,51.7,110,222,0.495,7.4,46,138,0.333
302,Isaac Harrell,Jr,6-8,80,Tarleton St.,Elon,64.1,1.9,-1.1,0.5,-1.6,128.3,12.6,57.6,59.5,6.4,10.0,3.2,6.0,0.9,1.7,23.2,42,69,0.609,8.1,40,108,0.37
303,Karter Knox,So,6-6,78,Louisville,Arkansas,32.5,1.9,3.5,2.1,1.4,116.2,17.1,55.4,57.5,6.8,16.5,8.0,14.5,2.5,1.7,23.7,38,70,0.543,7.8,26,69,0.377
304,Ross Candelino,Sr,6-5,77,Fresno St.,Lipscomb,54.2,1.9,2.8,3.8,-1.1,121.7,18.2,63.1,63.8,5.7,17.1,8.6,11.0,0.7,1.2,21.8,37,63,0.587,12.5,62,143,0.434
305,Jake O'Neil,Sr,6-4,76,Arizona St.,Idaho St.,84.3,1.9,-0.5,0.4,-0.9,105.0,22.5,48.0,50.6,11.7,21.6,11.6,18.3,1.5,2.0,31.0,114,229,0.498,4.5,19,68,0.279
306,Emmanuel Innocenti,Jr,6-5,77,Arizona St.,Gonzaga,60.6,1.8,5.4,1.5,3.9,124.5,12.4,53.4,54.2,7.2,10.0,10.2,9.1,1.3,2.4,18.6,60,96,0.625,5.4,23,81,0.284
307,Koron Davis,Jr,6-6,78,Bethune Cookman,Alabama A&M,74.1,1.8,-2.5,-0.1,-2.4,106.5,25.3,49.5,56.7,4.0,16.3,5.8,14.9,0.4,1.7,50.8,105,211,0.498,7.3,36,110,0.327
308,K'Jei Parker,Jr,6-2,74,Ball St.,Massachusetts,51.3,1.8,2.0,2.7,-0.7,117.1,22.1,57.5,61.1,1.2,10.2,17.6,16.2,0.0,1.7,22.4,53,105,0.505,12.8,64,154,0.416
309,Pop Isaacs,Jr,6-2,74,Oklahoma,Texas A&M,52.9,1.8,3.6,2.5,1.1,111.0,21.2,54.7,57.9,1.6,10.5,20.5,18.8,0.5,1.7,30.7,42,90,0.467,11.6,61,154,0.396
310,Tajuan Simpkins,So,6-4,76,Mississippi St.,Seton Hall,62.8,1.8,4.0,1.5,2.5,109.7,19.2,47.9,53.9,2.3,10.4,9.3,13.6,2.4,2.6,45.7,61,143,0.427,7.3,37,100,0.37
311,D.J. Wagner,Jr,6-4,76,Maryland,Arkansas,55.1,1.8,2.6,0.9,1.7,117.8,14.7,51.7,54.5,0.0,7.4,15.0,10.4,1.2,2.1,27.6,53,103,0.515,7.1,37,107,0.346
312,Amarr Knox,Jr,6-3,75,Eastern Kentucky,Alabama St.,72.0,1.8,0.5,0.6,-0.2,102.2,27.3,44.7,49.2,2.1,5.8,18.2,10.7,0.1,3.4,31.4,145,331,0.438,7.1,39,124,0.315
313,Zion Sensley,So,6-8,80,Loyola Marymount,UC Santa Barbara,62.0,1.8,1.0,2.6,-1.6,112.8,20.1,53.2,55.8,7.1,28.7,6.2,12.5,0.6,1.0,16.4,57,107,0.533,12.2,55,155,0.355
314,Del Jones,So,6-3,75,Seton Hall,Radford,79.9,1.8,-2.1,0.2,-2.3,101.9,29.2,45.4,51.9,1.8,11.3,21.9,17.2,1.3,1.3,40.1,131,288,0.455,7.8,40,133,0.301
315,Pharaoh Compton,So,6-8,80,Oregon,San Diego St.,33.8,1.8,6.6,2.2,4.3,127.0,19.9,73.0,71.8,9.9,12.5,5.0,15.2,8.9,2.1,52.4,92,124,0.742,0.3,0,2,0.0
316,Santiago Trouet,Jr,6-11,83,Mississippi,Arizona St.,60.3,1.8,1.8,1.0,0.8,110.6,17.3,46.1,52.0,10.7,16.4,6.4,12.4,3.2,1.5,40.9,86,179,0.48,1.7,5,24,0.208
317,Joey Chammaa,So,5-11,71,San Jose St.,Arkansas St.,28.1,1.8,3.1,2.6,0.5,118.6,25.8,50.5,63.0,4.1,10.5,18.4,19.9,0.3,2.6,120.4,24,45,0.533,8.5,17,53,0.321
318,Garwey Dual,Jr,6-5,77,Syracuse,McNeese St.,66.3,1.8,3.5,1.0,2.5,112.5,19.5,49.8,53.6,4.8,7.8,28.1,19.5,3.2,3.7,30.6,76,146,0.521,4.9,21,70,0.3
319,Jay Rodgers,Sr,6-3,75,Penn St.,Central Connecticut,74.9,1.8,-3.5,0.6,-4.2,106.8,25.8,48.2,53.3,0.3,8.2,45.8,21.7,0.3,0.8,32.7,73,162,0.451,6.5,32,89,0.36
320,Treyson Anderson,So,6-9,81,Butler,North Dakota St.,45.4,1.8,3.5,3.1,0.4,114.2,27.5,58.0,60.0,10.4,25.3,9.1,15.9,6.5,1.4,43.7,84,138,0.609,9.9,36,100,0.36
321,Caleb Williams,So,6-0,72,Jacksonville,Lafayette,79.4,1.8,-1.6,0.8,-2.4,104.2,26.7,47.8,53.6,1.8,11.2,21.0,14.9,0.6,1.1,31.4,78,170,0.459,13.4,73,222,0.329
322,Boden Kapke,Jr,6-11,83,Nebraska,Boston College,65.9,1.8,1.6,0.7,0.9,108.7,20.6,53.5,56.0,7.5,16.2,6.3,14.1,1.5,0.8,29.0,95,172,0.552,6.3,29,87,0.333
323,Dasear Haskins,Jr,6-8,80,Mississippi,Saint Joseph's,69.8,1.8,1.9,0.8,1.1,109.8,19.6,53.1,54.9,6.4,17.8,10.1,13.2,2.3,1.2,23.9,110,188,0.585,7.5,36,121,0.298
324,Gus Etchison,Sr,5-11,71,IU Indy,Idaho St.,32.8,1.8,4.3,5.7,-1.4,111.8,35.2,53.1,55.1,1.9,11.1,43.7,15.6,0.6,2.3,26.2,62,117,0.53,14.2,33,93,0.355
325,Dillan Shaw,Fr,6-7,79,Arizona St.,Saint Mary's,69.6,1.8,5.1,1.4,3.7,117.3,13.9,55.3,56.6,5.9,15.7,9.8,16.8,2.5,1.8,15.7,33,75,0.44,8.4,51,123,0.415
326,Jalen Shelley,So,6-8,80,Texas A&M,Loyola Marymount,60.9,1.8,1.4,0.2,1.2,102.9,24.5,50.2,54.3,3.9,19.8,16.6,17.5,2.1,1.3,44.7,91,168,0.542,6.5,24,85,0.282
327,Jaylen Carey,Jr,6-8,80,Missouri,Tennessee,45.8,1.8,3.4,2.7,0.7,111.2,22.7,48.7,49.2,17.1,19.1,13.3,13.0,0.4,1.0,48.7,110,221,0.498,0.4,0,5,0.0
328,Demari Williams,Jr,6-5,77,UTSA,Houston Christian,50.1,1.8,0.0,1.5,-1.5,113.1,22.4,51.4,58.4,6.4,11.4,8.7,13.7,0.6,2.2,53.8,69,131,0.527,5.4,17,53,0.321
329,Rich Rolf,Jr,6-7,79,Miami OH,Youngstown St.,65.1,1.8,1.7,1.3,0.5,122.0,16.0,55.4,58.5,5.2,14.3,14.6,13.0,1.3,1.8,19.6,46,79,0.582,8.8,41,115,0.357
330,Quel'Ron House,So,6-0,72,Texas St.,Southern Illinois,70.5,1.8,2.3,0.2,2.1,101.0,27.1,47.8,51.0,2.5,9.9,22.7,16.2,0.5,3.0,25.4,163,329,0.495,3.4,13,53,0.245
331,Jacoby Hill,Fr,6-4,76,Kennesaw St.,Jacksonville St.,77.2,1.8,0.1,0.0,0.1,113.9,17.5,54.2,58.0,7.3,7.2,11.2,15.6,0.1,1.9,50.0,85,152,0.559,3.5,17,52,0.327
332,Marcus Wilson,Fr,6-3,75,Sacramento St.,UC Davis,66.2,1.8,0.7,0.5,0.2,103.8,26.2,47.8,53.8,1.4,12.4,31.5,18.0,0.5,2.2,40.4,98,206,0.476,6.5,31,96,0.323
333,Jaden Schutt,Jr,6-5,77,Kansas St.,Virginia Tech,59.9,1.8,1.8,1.0,0.8,120.7,13.3,54.4,56.7,0.9,6.8,6.7,7.3,0.0,1.3,14.3,13,34,0.382,12.7,65,169,0.385
334,Aaron Bradshaw,Jr,7-1,85,Tennessee St.,Memphis,42.6,1.8,0.6,0.5,0.1,113.4,21.8,56.3,60.8,13.4,10.9,5.9,19.7,3.5,1.5,47.0,81,141,0.574,2.7,9,27,0.333
335,Isaiah Malone,Jr,6-8,80,UCF,Florida Gulf Coast,56.4,1.8,0.9,-0.2,1.2,118.4,20.5,60.9,65.8,8.2,20.1,4.4,18.2,9.6,1.7,58.6,104,173,0.601,2.0,11,25,0.44
336,Justin Menard,So,6-3,75,Colorado St.,Marist,73.2,1.7,1.9,0.6,1.3,108.0,23.7,52.6,56.9,0.7,10.3,26.7,18.6,0.5,2.6,22.3,81,154,0.526,10.4,53,151,0.351
337,Anthony Isaac,Jr,6-6,78,Purdue Fort Wayne,Manhattan,59.7,1.7,-2.8,0.4,-3.2,112.2,22.3,48.4,53.8,15.2,19.3,7.6,12.7,1.9,2.2,58.4,102,202,0.505,0.9,1,12,0.083
338,Elijah Duval,Fr,6-3,75,UAB,Southern Utah,66.7,1.7,-1.7,0.1,-1.8,94.5,34.4,50.0,52.3,4.0,12.8,30.7,22.9,0.8,2.5,36.8,140,274,0.511,6.7,29,93,0.312
339,Matas Deniusas,Fr,6-9,81,Rhode Island,Tennessee Martin,67.6,1.7,1.7,1.0,0.7,108.6,24.3,48.8,53.5,6.8,14.2,14.7,16.2,3.7,1.9,37.3,82,169,0.485,9.7,43,131,0.328
340,Kam Burton,Jr,6-3,75,La Salle,Stephen F. Austin,46.8,1.7,2.5,2.7,-0.2,125.8,16.4,60.4,62.2,1.7,9.5,2.2,9.2,0.0,1.6,14.0,7,24,0.292,17.0,73,169,0.432
341,Marcus Kell,Sr,6-8,80,Furman,Western Carolina,74.3,1.7,-1.0,1.0,-2.0,110.8,21.4,49.7,53.0,4.2,14.2,5.9,10.9,0.6,1.1,34.9,98,180,0.544,9.2,40,138,0.29
342,Gage Lattimore,So,6-2,74,James Madison,North Carolina Central,89.3,1.7,-2.8,0.2,-3.0,105.8,22.2,46.2,53.3,2.1,12.3,13.7,14.6,0.8,2.0,38.1,55,156,0.353,10.6,66,177,0.373
343,Shane Lancaster,Jr,6-4,76,North Carolina A&T,Alcorn St.,71.6,1.7,-1.1,0.6,-1.7,112.6,18.7,53.6,56.8,2.3,7.7,16.3,13.1,1.0,1.9,34.7,49,120,0.408,8.9,61,142,0.43
344,Xavier Abreu,Fr,6-3,75,Charleston,Northeastern,48.9,1.7,-2.1,1.4,-3.5,106.4,28.3,50.3,54.0,4.5,11.5,10.6,10.6,0.5,2.0,30.6,109,202,0.54,8.6,26,92,0.283
345,Luke Hunger,Sr,6-10,82,Boston College,George Washington,44.7,1.7,-0.9,0.6,-1.5,113.3,22.0,53.0,59.1,12.2,16.9,9.0,20.3,0.6,0.6,49.2,75,136,0.551,4.2,14,45,0.311
346,Will Sydnor,Fr,6-8,80,Rutgers,Manhattan,69.8,1.7,-1.1,0.7,-1.8,104.6,23.9,51.6,53.3,5.7,19.5,11.0,15.3,4.0,1.3,24.1,103,199,0.518,9.5,47,137,0.343
347,Jaeden Mustaf,So,6-5,77,Indiana,Georgia Tech,64.6,1.7,0.2,0.0,0.2,106.4,19.8,47.8,53.1,4.5,12.2,16.6,15.4,0.7,1.1,47.6,79,177,0.446,3.8,21,54,0.389
348,Nikolaos Chitikoudis,Jr,6-6,78,Xavier,Robert Morris,62.8,1.7,0.0,-0.1,0.0,110.0,23.6,53.2,51.6,14.6,20.2,13.8,13.3,2.9,1.6,33.8,148,276,0.536,0.2,0,2,0.0
349,Bradley Ezewiro,Sr,6-9,81,San Diego,UAB,40.5,1.7,-0.8,0.6,-1.4,119.5,19.8,50.3,57.6,11.8,16.5,3.1,12.3,4.4,0.9,70.8,81,159,0.509,0.2,0,2,0.0
350,Andrej Shoshkikj,Fr,6-2,74,South Florida,Stony Brook,65.1,1.7,0.8,-0.2,1.1,111.2,20.3,57.2,61.4,1.6,9.9,19.9,20.9,0.9,3.4,22.3,68,133,0.511,7.3,42,96,0.438
351,Emmanuel Kanga,Fr,6-9,81,Wichita St.,George Mason,31.7,1.7,3.6,2.6,1.0,128.2,20.5,59.0,60.1,22.6,25.7,7.7,10.4,6.0,0.9,95.2,49,83,0.59,0.0,0,0,0.0
352,Karmani Gregory,Jr,6-1,73,Indiana St.,USC Upstate,75.4,1.7,0.0,1.4,-1.4,102.2,26.8,48.8,52.6,1.2,6.4,20.3,16.1,0.7,2.0,32.0,99,202,0.49,10.9,55,170,0.324
353,Anthony Robinson II,Jr,6-3,75,Florida St.,Missouri,67.1,1.7,2.7,-0.1,2.8,107.9,19.1,48.3,52.4,3.7,9.6,18.9,18.3,1.4,3.5,47.6,61,124,0.492,6.8,33,105,0.314
354,Terrance Ford Jr.,So,6-1,73,Tulsa,Arkansas St.,75.0,1.7,0.4,-0.5,0.9,109.6,17.6,51.4,54.9,1.3,8.7,28.0,22.3,0.0,2.3,37.0,59,134,0.44,5.8,44,109,0.404
355,Josh Baldwin,Sr,6-5,77,William & Mary,Cornell,46.4,1.7,0.4,1.7,-1.3,112.5,23.9,52.2,56.4,8.1,17.7,26.7,21.3,2.6,1.4,50.7,42,79,0.532,6.8,20,59,0.339
356,Nick Dorn,Jr,6-7,79,Miami FL,Indiana,53.7,1.7,2.2,2.2,0.0,114.6,15.5,57.3,61.0,3.2,9.0,2.3,12.3,0.5,0.8,25.8,12,20,0.6,13.7,60,158,0.38
357,Jacob Walker,Fr,6-1,73,Oklahoma St.,Sam Houston St.,63.8,1.7,-0.8,-0.3,-0.4,108.9,21.9,50.6,56.7,1.9,7.1,15.8,19.3,0.4,2.1,60.3,75,152,0.493,6.1,30,85,0.353
358,Noah Feddersen,Jr,6-10,82,Colorado,North Dakota St.,52.4,1.7,1.3,0.5,0.9,116.9,20.9,54.5,60.1,9.0,19.4,8.5,16.4,5.6,1.0,55.8,78,133,0.586,4.9,17,57,0.298
359,Eric Reibe,Fr,7-1,85,USC,Connecticut,34.3,1.7,5.5,1.8,3.7,122.4,18.2,67.1,65.5,10.1,17.8,6.8,14.5,6.1,1.1,30.4,100,145,0.69,1.4,4,13,0.308
360,Nojus Indrusaitis,So,6-5,77,California,Pittsburgh,58.4,1.7,1.7,1.0,0.6,106.8,20.9,50.8,52.1,3.1,13.2,14.4,14.8,0.5,2.4,19.8,51,121,0.421,11.3,55,142,0.387
361,Jizzle James,Jr,6-3,75,Charlotte,Cincinnati,51.9,1.7,1.7,-0.1,1.8,103.9,18.2,53.7,54.9,2.3,6.0,13.7,17.6,0.7,1.3,10.1,54,123,0.439,8.0,42,95,0.442
362,Julien Gomez,Fr,6-2,74,Western Michigan,UT Rio Grande Valley,56.4,1.6,0.8,0.0,0.8,119.6,16.2,58.8,62.0,5.7,10.3,11.8,15.8,0.2,2.0,32.5,43,79,0.544,6.9,34,81,0.42
363,Ty'Reek Coleman,Fr,6-2,74,Iowa,Illinois St.,55.2,1.6,3.0,0.9,2.1,109.2,22.4,57.5,60.4,2.3,11.5,15.0,19.1,0.7,2.4,44.6,80,146,0.548,6.6,36,87,0.414
364,Christian Moore,So,6-6,78,Butler,The Citadel,58.7,1.6,-2.3,1.5,-3.8,112.7,22.4,54.2,56.0,6.6,8.3,8.7,10.3,0.5,0.9,24.7,55,112,0.491,12.6,57,147,0.388
365,Jacoi Hutchinson,Jr,6-3,75,Troy,Longwood,70.1,1.6,-0.1,-0.1,-0.1,109.3,22.9,44.9,52.0,3.5,11.0,23.4,15.6,0.6,2.8,39.4,105,221,0.475,4.3,15,63,0.238
366,Dylan Grant,So,6-7,79,Charlotte,Rutgers,59.4,1.6,0.0,0.4,-0.4,105.6,21.3,48.4,53.3,7.7,13.2,4.8,13.5,2.1,1.4,43.7,89,180,0.494,5.3,22,72,0.306
367,Gabe Warren,Jr,6-6,78,New Mexico St.,Holy Cross,79.7,1.6,-0.6,0.6,-1.2,109.8,20.9,51.8,56.8,3.6,14.3,10.4,12.1,1.0,2.1,49.8,102,198,0.515,4.7,27,77,0.351
368,Justyn Fernandez,Sr,6-5,77,UAB,Delaware,85.6,1.6,-3.2,-0.8,-2.4,99.3,25.9,52.9,57.0,1.3,13.3,13.8,19.7,1.6,1.5,24.7,97,206,0.471,9.5,64,159,0.403
369,Landon Glasper,Jr,6-2,74,Southern Miss,North Carolina A&T,58.6,1.6,-1.7,0.4,-2.2,96.2,28.2,43.0,46.8,1.1,9.5,13.6,10.1,0.7,2.2,19.8,55,167,0.329,16.1,69,202,0.342
370,Eddie Ricks III,Jr,6-7,79,Loyola Chicago,James Madison,64.4,1.6,1.7,1.0,0.7,122.2,13.9,54.9,60.2,5.4,17.9,10.9,14.3,1.7,1.7,49.3,61,100,0.61,3.7,15,52,0.288
371,Reese Miller,Jr,6-4,76,UTEP,William & Mary,58.6,1.6,-0.9,1.2,-2.1,108.1,23.4,52.2,55.7,2.1,9.2,19.8,13.6,1.2,1.2,33.7,78,143,0.545,9.6,41,124,0.331
372,Jordan Ross,Jr,6-3,75,California,Georgia,49.8,1.6,0.9,0.1,0.8,117.2,16.2,46.3,54.6,2.4,10.3,16.8,14.6,0.2,1.7,63.3,50,108,0.463,3.4,13,42,0.31
373,Tre Singleton,Fr,6-8,80,Iowa St.,Northwestern,62.3,1.6,1.1,-0.9,2.0,109.8,17.3,50.0,54.7,6.7,17.0,10.8,14.2,2.7,1.5,43.1,84,141,0.596,3.9,9,54,0.167
374,Andrija Vukovic,So,6-11,83,George Washington,Oklahoma St.,29.1,1.6,3.5,2.6,0.9,124.7,15.4,62.8,64.6,11.2,12.8,6.7,15.3,2.7,1.7,46.7,55,87,0.632,0.4,1,3,0.333
375,Cameron Wallace,Jr,6-8,80,Southern Miss,Little Rock,71.2,1.6,-3.6,-0.5,-3.0,104.4,25.0,47.9,49.7,13.4,13.7,12.7,13.3,0.9,1.9,35.9,148,294,0.503,1.2,1,18,0.056
376,Christian Jones,So,6-2,74,Murray St.,George Washington,65.9,1.6,0.8,0.4,0.4,106.7,20.8,53.0,54.5,3.4,9.6,21.2,21.9,0.7,2.4,21.5,86,166,0.518,7.5,43,118,0.364
377,Josh Smith,Jr,6-4,76,Duquesne,West Georgia,64.9,1.6,-2.1,0.3,-2.4,104.8,29.2,46.0,50.0,1.6,6.6,15.6,10.4,0.4,1.7,30.8,100,237,0.422,12.0,57,166,0.343
378,Brycen Blaine,Jr,6-5,77,East Carolina,Charleston Southern,54.1,1.6,1.8,2.0,-0.2,99.4,31.1,50.2,53.7,4.0,20.3,19.0,20.3,0.6,2.5,27.0,58,125,0.464,16.6,69,197,0.35
379,Bishop Boswell,So,6-4,76,Maryland,Tennessee,60.0,1.6,4.9,0.3,4.6,112.6,14.3,52.2,55.4,5.1,13.3,18.9,24.4,0.6,2.7,45.9,37,79,0.468,5.2,30,78,0.385
380,Tahlan Pettway,Fr,6-2,74,UNC Wilmington,Western Carolina,52.5,1.6,1.2,1.3,-0.1,119.3,18.7,57.5,59.7,1.9,9.3,17.1,16.7,0.0,2.3,22.5,37,70,0.529,11.1,47,117,0.402
381,Martin Somerville,So,6-3,75,West Virginia,Florida St.,65.0,1.6,2.3,0.1,2.2,111.2,16.3,46.9,51.4,3.1,9.4,15.3,13.5,0.1,3.2,29.6,16,48,0.333,11.6,60,178,0.337
382,Legend Smiley,Fr,6-5,77,Oregon St.,San Francisco,52.8,1.6,0.4,1.0,-0.7,118.3,15.8,58.8,61.8,3.1,6.9,5.7,14.0,0.6,1.3,21.4,29,57,0.509,11.0,52,125,0.416
383,Jabri Fitzpatrick,Jr,6-2,74,Eastern Michigan,New Haven,89.2,1.6,-0.3,-0.4,0.1,101.6,25.6,49.2,54.3,1.9,14.3,17.9,15.2,0.2,2.8,42.9,114,221,0.516,6.8,32,108,0.296
384,Brady Dunlap,Jr,6-7,79,Georgia,Saint Louis,41.5,1.6,2.2,2.1,0.2,121.9,16.7,61.5,65.1,3.3,9.2,8.8,16.4,0.2,1.1,38.5,19,40,0.475,10.6,48,108,0.444
385,Antoine Lorick III,Jr,6-9,81,Buffalo,Tennessee St.,55.4,1.6,1.1,0.2,0.8,112.4,22.5,55.0,57.4,9.8,16.6,9.5,16.2,7.5,2.9,42.3,107,184,0.582,3.2,10,38,0.263
386,Blake Harper,So,6-7,79,VCU,Creighton,46.0,1.6,0.5,0.1,0.4,107.6,22.3,52.0,58.1,6.0,16.0,12.1,18.8,0.3,1.6,54.7,63,124,0.508,5.1,20,55,0.364
387,Kuol Atak,Fr,6-9,81,Virginia Tech,Oklahoma,19.8,1.6,5.5,6.9,-1.4,125.8,20.1,63.4,64.0,2.8,8.7,2.7,8.8,3.8,0.8,7.1,16,23,0.696,20.4,43,104,0.413
388,Jordan Crawford,Jr,6-3,75,Missouri,South Dakota,77.7,1.6,-0.8,0.7,-1.5,108.9,20.9,51.3,54.3,2.4,7.4,8.8,11.0,0.3,2.0,25.7,68,148,0.459,11.9,72,195,0.369
389,Roddie Anderson III,Sr,6-3,75,Seton Hall,Xavier,59.0,1.6,0.7,0.2,0.5,99.5,24.9,45.7,49.2,2.6,13.5,17.7,12.7,0.7,3.2,28.0,90,201,0.448,8.7,38,121,0.314
390,Kayde Dotson,So,6-2,74,UC San Diego,Loyola Chicago,56.4,1.6,-1.2,0.2,-1.4,106.7,20.6,53.0,56.1,2.2,10.1,16.5,17.4,0.2,1.2,26.1,31,71,0.437,13.2,62,163,0.38
391,Isaiah Johnson-Arigu,So,6-7,79,Northern Iowa,St. Thomas,52.6,1.6,-0.4,-0.5,0.0,113.1,22.6,60.7,63.0,3.7,17.8,9.4,15.6,2.8,1.6,50.2,87,129,0.674,6.7,25,76,0.329
392,Shane Blakeney,Jr,6-5,77,South Carolina,Drexel,85.3,1.6,1.7,1.1,0.6,102.5,23.8,49.6,51.4,3.5,13.6,16.7,15.8,2.3,2.0,19.4,105,226,0.465,10.2,65,182,0.357
393,Kalu Anya,Jr,6-8,80,Virginia,Saint Louis,69.8,1.6,3.2,0.2,3.1,110.3,15.8,61.4,56.6,9.3,20.8,16.7,20.3,3.7,2.4,47.1,91,138,0.659,1.0,2,15,0.133
394,Cam Palesse,So,6-5,77,Southern Miss,Canisius,69.4,1.6,-3.5,-0.5,-3.0,118.2,12.6,54.6,57.5,5.4,17.0,8.8,9.4,1.0,1.2,28.9,53,102,0.52,3.5,20,50,0.4
395,Matt Able,Fr,6-6,78,North Carolina,N.C. State,53.8,1.6,3.2,1.5,1.7,108.5,19.8,51.4,54.4,4.1,14.0,7.7,12.6,1.9,3.3,21.6,55,112,0.491,10.7,49,138,0.355
396,Dani Pounds,Jr,6-8,80,Louisiana,Tennessee Tech,41.7,1.5,-2.1,-1.5,-0.6,108.2,29.9,52.7,60.5,9.9,20.3,8.6,20.6,4.3,1.8,70.4,80,153,0.523,2.0,6,16,0.375
397,CJ Brown,So,6-2,74,High Point,South Florida,65.5,1.5,0.3,-1.2,1.5,103.8,23.4,39.2,46.8,2.8,11.4,29.7,17.7,1.1,2.0,54.9,96,232,0.414,3.9,13,63,0.206
398,Davante Hackett,Jr,6-3,75,Tennessee Tech,Stonehill,69.1,1.5,0.7,0.7,0.0,106.5,25.1,50.7,54.1,3.8,12.4,12.3,11.8,1.6,1.8,31.2,84,169,0.497,12.2,61,177,0.345
399,Ahamad Bynum,Jr,6-3,75,Southern Indiana,UTEP,44.2,1.5,2.8,3.6,-0.8,106.2,23.1,53.7,56.3,0.4,9.5,8.9,11.7,1.2,2.3,20.1,26,78,0.333,15.3,61,141,0.433
400,AJ Bates,So,6-3,75,Utah St.,Louisiana Tech,84.2,1.5,-1.4,-0.8,-0.6,102.0,24.3,40.8,46.2,1.8,7.2,34.9,17.9,0.3,2.2,30.8,99,239,0.414,7.0,32,121,0.264
401,Nikolas Khamenia,Fr,6-8,80,Connecticut,Duke,49.6,1.5,4.3,1.1,3.2,116.7,14.6,54.7,56.7,5.8,12.7,8.5,16.4,0.5,1.8,29.0,40,66,0.606,8.2,35,103,0.34
402,Berke Buyuktuncel,Jr,6-9,81,Vanderbilt,Nebraska,56.9,1.5,5.1,0.3,4.8,109.6,17.3,50.6,52.7,9.0,17.4,13.4,16.5,5.9,2.2,38.7,68,119,0.571,4.1,13,54,0.241
403,Nick Jones,Jr,6-2,74,New Orleans,Wagner,79.4,1.5,-0.8,-1.0,0.2,102.3,26.4,47.1,53.4,2.7,10.1,17.2,19.2,1.3,3.4,39.4,112,229,0.489,6.8,29,101,0.287
404,Dylan Darling,Jr,6-1,73,Grand Canyon,St. John's,50.2,1.5,4.6,-0.5,5.1,110.1,17.4,47.1,52.1,1.5,11.2,20.6,15.7,0.4,3.8,44.5,48,90,0.533,7.7,28,101,0.277
405,Braeden Smith,Jr,6-0,72,Notre Dame,Gonzaga,42.5,1.5,5.9,1.8,4.1,118.9,17.9,52.9,56.9,2.1,11.8,30.8,20.2,0.0,3.2,29.9,47,86,0.547,4.9,17,51,0.333
406,Montana Wheeler,Fr,5-10,70,Kansas St.,Bradley,54.1,1.5,-1.7,-0.1,-1.6,110.4,20.9,48.9,52.6,1.4,4.8,25.0,12.6,0.0,1.4,30.6,64,131,0.489,7.9,32,98,0.327
407,Owen Freeman,Jr,6-10,82,Auburn,Creighton,22.6,1.5,7.1,3.0,4.1,120.0,21.4,60.2,61.1,13.2,24.4,15.7,15.0,6.7,2.6,30.1,56,93,0.602,0.0,0,0,0.0
408,Omaha Biliew,Jr,6-8,80,Grand Canyon,Wake Forest,50.1,1.5,0.6,0.0,0.6,118.8,14.3,56.7,61.1,5.6,8.6,4.5,14.3,2.3,1.7,42.0,37,63,0.587,7.1,32,87,0.368
409,Cameron Williams,Jr,6-8,80,Kent St.,Portland,53.8,1.5,-1.8,-0.7,-1.1,109.0,20.3,51.4,56.0,8.0,13.9,7.1,13.5,1.1,0.9,35.6,96,178,0.539,3.4,11,41,0.268
410,Flash Burton,So,6-3,75,UMBC,Rider,80.8,1.5,-1.9,0.5,-2.3,99.0,26.8,44.0,48.6,1.9,9.6,21.4,15.3,0.6,2.4,28.9,100,234,0.427,9.6,44,143,0.308
411,Liam Campbell,So,6-4,76,High Point,Saint Mary's,36.8,1.5,4.4,2.1,2.3,129.7,13.5,65.0,68.1,2.1,11.7,5.5,14.4,0.0,1.2,40.0,26,51,0.51,6.4,26,49,0.531
412,Marcus Randolph,Jr,6-5,77,La Salle,Saint Peter's,89.8,1.5,-2.8,-1.6,-1.1,103.6,22.1,42.2,49.5,3.5,7.4,10.6,15.9,0.5,1.3,41.6,49,141,0.348,11.5,58,181,0.32
413,T.O. Barrett,So,6-4,76,Vanderbilt,Missouri,56.5,1.5,1.9,0.0,1.9,104.2,23.1,48.0,53.4,4.4,9.6,24.0,22.9,1.1,3.0,38.1,95,182,0.522,3.4,9,44,0.205
414,Hunter Adam,Jr,6-7,79,Portland,Davidson,37.0,1.5,4.0,2.4,1.6,125.4,15.7,62.1,63.5,4.0,14.2,9.7,10.8,1.7,1.7,20.0,28,39,0.718,10.5,31,81,0.383
415,Taylor Bol Bowen,Jr,6-10,82,Oregon,Alabama,40.5,1.5,3.5,1.6,1.9,115.8,14.9,51.0,55.5,6.0,15.5,3.8,12.1,4.8,1.2,33.1,32,52,0.615,9.1,29,96,0.302
416,Eric Parnell,Sr,6-3,75,Georgia St.,Fairleigh Dickinson,64.9,1.5,-1.7,1.3,-3.0,112.1,19.6,50.3,52.2,2.1,8.6,5.4,5.5,0.5,1.1,11.4,35,68,0.515,18.3,74,222,0.333
417,Emondrek Erkins-Ford,Jr,6-9,81,Western Kentucky,Jacksonville St.,54.5,1.5,1.0,0.1,1.0,113.7,19.8,54.5,57.3,6.2,13.2,10.1,12.0,5.4,1.2,50.6,84,152,0.553,2.3,8,24,0.333
418,Landen Joseph,Fr,6-2,74,Dayton,Marshall,43.2,1.5,3.0,2.5,0.5,116.9,21.2,58.0,59.9,4.1,11.4,20.3,17.5,1.4,3.8,26.3,46,84,0.548,9.6,37,91,0.407
419,Junjie Wang,Jr,6-9,81,Massachusetts,San Francisco,50.8,1.5,0.4,1.1,-0.8,109.5,21.2,51.0,55.8,6.8,10.0,7.7,15.1,1.4,1.5,41.4,48,94,0.511,10.0,37,109,0.339
420,Jermaine Washington,So,6-1,73,New Mexico St.,San Jose St.,65.2,1.5,-2.1,0.0,-2.1,103.4,18.7,50.0,51.5,0.8,6.3,16.1,15.6,0.0,1.7,22.3,44,99,0.444,10.1,50,139,0.36
421,Jayden Johnson,So,6-1,73,Bowling Green,South Carolina St.,69.3,1.5,-0.9,0.7,-1.5,103.9,26.9,49.5,54.1,2.5,10.6,31.2,19.1,0.1,2.9,44.1,101,217,0.465,6.6,36,96,0.375
422,Micah Tucker,Fr,6-3,75,Grand Canyon,Georgia St.,77.2,1.5,-2.2,-0.8,-1.4,104.8,22.2,46.7,53.4,1.7,5.5,22.7,15.8,0.5,1.8,45.5,89,187,0.476,6.5,31,103,0.301
423,Tanner Cuff,Sr,6-7,79,Hawaii,Evansville,83.2,1.5,0.3,-1.2,1.6,108.4,16.3,52.1,53.9,4.0,16.6,19.2,14.3,1.2,2.4,40.9,91,173,0.526,2.4,14,42,0.333
424,Kiwane Garris Jr,Fr,6-5,77,Robert Morris,Cal St. Fullerton,34.5,1.5,2.1,2.8,-0.6,119.7,19.0,58.8,61.4,4.1,19.1,6.9,8.2,0.3,2.0,41.5,37,67,0.552,9.6,33,80,0.412
425,Tyler Betsey,So,6-8,80,BYU,Syracuse,43.0,1.5,2.1,2.3,-0.1,115.9,16.7,55.0,56.0,5.0,12.7,3.6,8.1,0.9,1.1,19.5,18,46,0.391,12.8,50,123,0.407
426,Lukas Walls,Jr,6-5,77,Texas A&M,Radford,59.9,1.5,-0.7,-0.7,0.0,125.9,12.9,67.8,69.8,2.6,8.2,7.5,17.6,0.9,2.0,50.0,28,43,0.651,6.9,41,89,0.461
427,Joshua Hughes,Jr,6-10,82,USC,Evansville,69.7,1.5,-1.4,-0.1,-1.3,111.1,16.0,58.3,60.5,5.5,14.8,6.2,15.0,1.9,0.9,26.0,55,89,0.618,7.8,41,111,0.369
428,Gabriel Pozzato,Fr,6-7,79,Xavier,Evansville,65.9,1.5,-2.0,-0.9,-1.1,98.8,22.4,51.7,54.7,2.6,11.9,7.8,15.7,1.4,2.1,32.7,76,135,0.563,9.8,42,134,0.313
429,JT Rock,So,7-1,85,Kansas St.,New Mexico,31.7,1.5,5.7,3.4,2.3,121.4,20.5,61.5,62.4,9.2,20.2,5.9,12.1,9.3,0.7,34.9,59,95,0.621,7.1,23,57,0.404
430,Wilson Jacques,Fr,7-0,84,DePaul,Fresno St.,69.1,1.5,0.8,-0.4,1.2,106.8,19.2,49.3,53.6,13.1,23.3,7.4,17.5,3.4,1.8,35.7,103,208,0.495,0.9,4,13,0.308
431,Luke McEldon,Jr,6-10,82,Northwestern,Mount St. Mary's,61.8,1.5,1.4,0.9,0.6,108.4,22.1,64.5,62.0,8.5,18.6,13.4,20.1,2.8,0.9,30.6,160,244,0.656,0.3,0,4,0.0
432,Josiah Parker,Fr,6-7,79,Georgetown,Florida Atlantic,53.6,1.5,1.2,0.6,0.5,106.2,23.0,51.1,53.2,8.7,21.5,9.6,14.6,1.2,1.6,42.0,112,206,0.544,2.1,4,25,0.16
433,MJ Williams,Fr,5-10,70,Longwood,Eastern Kentucky,58.6,1.5,-1.1,0.1,-1.3,107.4,25.4,47.5,51.1,3.8,14.2,33.7,19.6,0.2,3.3,26.8,47,103,0.456,12.5,50,154,0.325
434,DJ Dudley,Jr,6-4,76,New Mexico St.,Louisiana Tech,76.2,1.5,-0.2,0.5,-0.6,102.0,24.8,50.1,52.4,2.3,8.0,13.5,18.1,1.0,1.7,23.2,106,226,0.469,9.8,56,153,0.366
435,Jaden Jackson,So,6-0,72,Georgia St.,South Dakota St.,80.6,1.4,-0.4,-0.5,0.1,105.6,20.8,46.2,49.3,2.6,13.0,15.0,11.5,0.4,2.7,19.6,59,134,0.44,12.4,63,198,0.318
436,Bol Dengdit,Jr,6-11,83,Hawaii,UC San Diego,58.6,1.4,1.0,0.9,0.1,103.8,25.4,53.2,55.0,8.7,14.5,15.0,17.7,2.4,1.3,36.7,106,187,0.567,6.1,24,80,0.3
437,Trent Middleton Jr.,Jr,6-3,75,Louisiana,North Carolina A&T,74.1,1.4,-2.0,-0.1,-1.9,105.5,22.9,50.9,55.2,3.3,10.0,20.7,19.9,0.4,1.7,35.8,90,169,0.533,6.9,31,99,0.313
438,Sebastian Williams-Adams,Fr,6-8,80,Vanderbilt,Auburn,67.7,1.4,3.1,0.9,2.2,110.5,14.3,53.8,54.0,6.1,9.1,9.4,15.9,3.3,2.6,69.4,82,147,0.558,2.2,12,39,0.308
439,Juan Cranford Jr.,So,6-4,76,Bowling Green,Eastern Kentucky,64.7,1.4,-3.5,0.0,-3.5,110.0,21.6,52.5,54.9,3.2,8.1,11.9,14.7,0.6,1.2,17.8,44,90,0.489,15.3,75,208,0.361
440,Isaiah Sy,Jr,6-7,79,San Diego St.,Oregon St.,69.0,1.4,0.0,0.6,-0.6,104.5,20.1,45.8,52.2,3.8,15.5,13.0,14.0,1.7,1.3,34.1,29,92,0.315,11.9,64,181,0.354
441,Evan Haywood,So,6-4,76,Pepperdine,Butler,43.4,1.4,1.7,1.6,0.1,113.8,16.7,49.7,50.8,2.6,8.5,11.1,7.3,0.5,1.6,8.1,16,45,0.356,15.5,55,153,0.359
442,Elijah Strong,Jr,6-8,80,Saint Louis,South Carolina,42.3,1.4,0.5,0.6,-0.2,102.5,29.5,49.3,52.0,3.5,12.7,13.9,11.0,1.2,1.3,20.8,97,182,0.533,10.5,27,97,0.278
443,Uzziah Buntyn,Fr,6-1,73,Northern Illinois,South Dakota,73.0,1.4,-1.8,-0.6,-1.2,106.2,22.2,44.0,54.8,2.4,8.3,20.3,18.7,0.1,2.3,66.5,63,138,0.457,6.7,29,104,0.279
444,Okku Federiko,So,6-9,81,Northwestern,Drake,57.7,1.4,-0.1,-0.3,0.3,108.2,20.2,54.3,55.7,8.3,14.7,12.4,16.5,4.9,1.5,44.9,84,142,0.592,4.3,15,54,0.278
445,Josiah Harris,Jr,6-7,79,Louisiana,Cleveland St.,46.4,1.4,-2.2,0.5,-2.7,112.4,18.5,50.0,54.4,7.5,20.2,13.7,14.2,1.6,1.2,28.5,34,68,0.5,9.1,30,90,0.333
446,Miles Byrd,Jr,6-7,79,Providence,San Diego St.,69.4,1.4,7.5,2.0,5.5,102.0,21.2,48.2,52.9,2.3,16.4,17.5,19.0,6.0,4.0,31.7,68,136,0.5,9.1,44,142,0.31
447,Mayar Wol,Jr,6-8,80,Seton Hall,Bowling Green,50.4,1.4,2.8,2.6,0.2,111.9,22.0,57.3,59.4,3.2,11.5,6.6,13.5,2.5,2.2,24.9,60,106,0.566,11.5,46,119,0.387
448,Maban Jabriel,So,6-9,81,Maryland,Queens,49.4,1.4,1.6,2.6,-1.0,122.3,16.7,62.2,63.6,5.8,16.5,8.6,15.1,2.1,2.0,15.0,48,84,0.571,9.1,48,109,0.44
449,Sharron Young,So,6-0,72,Western Kentucky,Akron,45.9,1.4,1.8,-0.4,2.2,118.8,17.9,50.8,55.5,4.2,11.0,12.3,12.5,0.4,3.5,31.5,32,64,0.5,10.6,39,114,0.342
450,Augustinas Kiudulas,Jr,6-8,80,Western Michigan,Colorado St.,35.7,1.4,0.9,1.0,-0.1,114.5,22.3,59.9,63.4,11.1,12.4,11.2,20.6,0.3,2.2,76.6,47,79,0.595,4.2,13,32,0.406
451,Shon Tupuola,Jr,6-10,82,Murray St.,Valparaiso,61.2,1.4,1.6,0.5,1.1,118.4,13.7,57.3,59.2,10.4,16.6,6.4,15.4,6.0,1.0,40.6,82,142,0.577,0.1,0,1,0.0
452,Xavier Spencer,Jr,6-1,73,Lindenwood,UMass Lowell,87.8,1.4,-1.4,-0.8,-0.6,109.2,18.6,52.0,55.1,2.7,12.1,16.7,17.7,0.7,2.1,24.8,84,167,0.503,7.4,49,136,0.36
453,Devin Williams,So,6-10,82,Seton Hall,Florida Atlantic,59.7,1.4,3.4,0.7,2.7,112.6,16.8,55.6,57.0,10.2,13.6,10.1,18.5,11.1,0.5,19.9,81,141,0.574,3.4,15,45,0.333
454,James Scott,Jr,6-10,82,Georgia,Mississippi,44.1,1.4,4.8,0.8,4.0,126.9,10.6,72.9,70.5,8.8,20.3,6.2,19.3,8.9,1.6,28.2,62,85,0.729,0.0,0,0,0.0
455,Jaxson Bell,So,6-3,75,Furman,Army,60.6,1.4,-1.0,0.3,-1.2,106.3,25.1,51.0,56.8,5.3,18.6,13.3,18.3,1.0,2.4,44.0,57,118,0.483,11.4,50,141,0.355
456,Rolyns Aligbe,So,6-9,81,Xavier,Southern Illinois,61.0,1.4,1.8,0.3,1.4,108.2,20.0,50.8,53.3,11.0,23.0,5.4,13.8,3.1,2.1,29.6,86,171,0.503,5.2,24,69,0.348
457,Eduardo Klafke,So,6-5,77,Butler,Mississippi,35.7,1.4,4.3,1.8,2.4,123.9,14.8,59.0,62.2,4.7,14.4,13.0,13.2,1.2,2.3,41.0,32,58,0.552,5.4,20,47,0.426
458,Connor Amundsen,So,5-11,71,Pacific,Dartmouth,71.9,1.4,-4.5,-2.0,-2.4,109.9,18.2,46.3,51.1,1.0,6.3,25.6,11.8,0.0,0.9,37.2,36,81,0.444,8.5,34,107,0.318
459,Jalen Pitre,Jr,6-8,80,Buffalo,Tennessee St.,61.3,1.4,-0.5,-0.5,0.0,123.2,12.7,61.0,65.2,13.0,16.6,5.9,21.1,2.9,2.5,40.4,68,109,0.624,0.4,1,5,0.2
460,Jaxon Edwards,Sr,6-5,77,Green Bay,IU Indy,54.2,1.4,-1.3,-0.2,-1.1,108.3,23.0,55.2,58.0,7.9,20.9,13.0,17.8,3.1,2.3,28.9,120,202,0.594,3.3,9,40,0.225
461,Yaak Yaak,Jr,6-11,83,Oklahoma,Oregon St.,28.1,1.4,0.1,-0.2,0.3,111.7,22.0,52.6,61.9,7.0,10.4,5.6,17.5,4.1,1.1,77.6,47,87,0.54,1.8,3,11,0.273
462,Jason Schofield,So,6-10,82,Loyola Chicago,Marist,34.7,1.4,3.3,1.1,2.3,113.1,24.9,54.4,56.1,12.6,15.6,15.8,12.2,5.0,1.9,25.0,87,160,0.544,0.0,0,0,0.0
463,Austin Maurer,So,7-0,84,Stanford,Seattle,45.3,1.4,1.7,-1.1,2.8,112.9,20.0,54.4,57.9,10.4,19.8,6.1,12.6,6.1,1.7,41.5,78,134,0.582,3.6,10,37,0.27
464,Magoon Gwath,So,7-0,84,DePaul,San Diego St.,35.3,1.3,4.3,1.6,2.7,104.9,22.9,57.6,58.7,11.1,15.1,3.0,19.2,10.9,1.4,45.5,55,101,0.545,5.5,19,44,0.432
465,Cobi Campbell,Sr,6-2,74,Liberty,Troy,66.6,1.3,-0.5,-0.3,-0.1,116.5,14.4,55.7,57.4,1.6,5.9,9.9,13.6,0.0,2.0,12.6,29,66,0.439,11.1,66,164,0.402
466,Franck Emmou,Jr,6-5,77,Tarleton St.,Texas St.,54.5,1.3,-1.2,-0.1,-1.1,120.4,14.8,53.3,57.1,2.2,7.6,10.9,11.0,0.9,1.0,20.8,40,89,0.449,7.1,33,79,0.418
467,Curtis Givens III,So,6-3,75,Ohio St.,Memphis,49.7,1.3,0.8,0.9,-0.1,107.1,18.6,52.4,54.6,2.5,6.5,16.6,18.7,0.9,1.8,31.4,46,92,0.5,8.4,35,96,0.365
468,Youri Fritz,Sr,6-8,80,Pepperdine,Northeastern,52.1,1.3,-1.4,-0.5,-0.9,108.3,19.8,59.8,58.7,8.0,17.7,10.9,17.4,3.7,1.8,58.9,96,160,0.6,0.3,1,3,0.333
469,Michael Marcus Jr.,So,6-9,81,George Mason,Appalachian St.,61.0,1.3,-1.0,-0.9,-0.1,117.2,16.2,52.9,55.5,11.3,15.1,3.9,12.0,2.3,1.1,32.0,49,87,0.563,7.2,28,85,0.329
470,Jayden Hastings,So,6-9,81,Cincinnati,Boston College,55.6,1.3,2.3,-1.2,3.5,111.9,16.8,61.1,58.9,11.3,16.2,6.9,16.4,7.7,1.5,71.8,80,128,0.625,0.3,0,3,0.0
471,Alec Oglesby,Sr,6-5,77,Stetson,Middle Tennessee,56.9,1.3,-0.2,0.3,-0.5,115.5,14.9,57.1,58.6,2.1,6.8,6.3,11.9,0.3,1.8,20.6,16,40,0.4,12.0,56,135,0.415
472,Kachi Nzeh,Jr,6-8,80,Delaware,Little Rock,71.7,1.3,-2.2,-0.1,-2.1,106.3,20.8,54.0,56.0,5.8,12.7,9.8,17.5,3.7,1.5,24.8,81,164,0.494,7.8,46,114,0.404
473,Ronald Jessamy,Jr,6-8,80,Texas St.,Cal St. Bakersfield,64.1,1.3,-0.3,-0.4,0.0,98.8,26.5,51.8,55.7,8.5,19.3,11.1,22.0,7.5,2.6,47.7,141,266,0.53,1.1,3,15,0.2
474,Dwayne Aristode,Fr,6-8,80,Oregon,Arizona,29.8,1.3,6.6,3.2,3.4,127.9,12.1,64.6,63.5,5.6,8.3,8.5,14.9,0.7,1.9,20.8,17,31,0.548,7.8,30,65,0.462
475,Rob Diaz,Jr,6-2,74,North Dakota St.,Long Beach St.,54.6,1.3,2.8,0.9,1.9,109.2,19.3,50.3,54.2,0.5,19.9,21.0,13.7,1.7,3.1,27.6,67,132,0.508,5.7,22,67,0.328
476,Ben Oosterbaan,So,6-6,78,San Francisco,St. Thomas,61.4,1.3,1.4,0.3,1.0,120.0,14.4,60.6,61.0,3.7,16.1,10.2,11.5,1.7,2.1,9.8,56,83,0.675,7.6,37,101,0.366
477,Brady Swartz,Fr,6-7,79,Oakland,Western Michigan,41.5,1.3,-2.7,0.2,-2.9,115.6,17.1,50.0,52.9,7.5,16.9,2.4,5.6,0.7,0.7,32.4,29,60,0.483,10.2,29,85,0.341
478,KJ Tenner,So,6-0,72,UTSA,Murray St.,41.7,1.3,-1.1,-1.0,-0.2,117.6,18.0,52.7,56.8,2.5,7.7,21.4,15.6,0.2,2.0,39.7,47,99,0.475,4.7,20,47,0.426
479,Adam Harakow,Jr,6-7,79,Western Michigan,Wyoming,47.3,1.3,1.1,0.7,0.3,119.1,14.6,56.5,58.5,5.7,11.6,6.3,12.7,1.4,1.6,35.3,32,57,0.561,8.0,31,82,0.378
480,Dominick Stewart,So,6-5,77,Richmond,Penn St.,56.3,1.3,0.0,0.2,-0.2,110.7,15.9,51.5,54.8,2.4,10.4,12.9,13.5,1.2,1.8,25.0,30,60,0.5,9.2,39,112,0.348
481,JJ Kelly,Fr,6-6,78,UTSA,Ohio,64.8,1.3,-0.5,-0.5,0.0,116.6,13.8,57.1,59.6,4.8,12.1,3.9,12.5,3.1,1.7,24.2,71,113,0.628,5.0,22,69,0.319
482,DJ Thomas,Fr,6-7,79,TCU,West Virginia,40.9,1.3,2.2,1.4,0.8,110.3,20.4,55.1,56.1,7.2,7.8,8.0,13.6,1.0,1.1,21.5,71,108,0.657,8.3,21,78,0.269
483,Trey Lewis,Jr,6-6,78,Ball St.,Western Michigan,43.6,1.3,-0.2,2.2,-2.4,114.1,19.9,56.3,58.1,4.0,13.2,5.2,12.0,1.4,0.7,19.1,28,56,0.5,14.4,50,127,0.394
484,Martin Kheil,So,6-4,76,Iona,Idaho St.,71.7,1.3,-2.4,-0.4,-2.0,113.7,14.7,52.8,55.9,0.4,10.0,7.7,12.9,0.3,1.2,24.3,17,37,0.459,12.4,64,177,0.362
485,Derek Dixon,Fr,6-5,77,Arizona,North Carolina,55.6,1.3,2.3,1.3,1.0,108.8,16.7,49.7,52.5,1.4,9.8,20.2,17.9,0.0,1.0,17.5,19,63,0.302,9.9,50,126,0.397
486,Braedan Lue,So,6-9,81,Tennessee,Kennesaw St.,67.1,1.3,0.2,-0.6,0.9,105.1,20.9,47.5,50.8,8.2,12.2,9.3,15.3,5.8,1.9,30.3,117,224,0.522,4.9,17,76,0.224
487,Derek Vorst,Jr,6-10,82,Cleveland St.,Indiana St.,35.3,1.3,0.3,-0.3,0.7,110.7,19.0,59.8,58.7,6.9,13.6,12.2,14.2,2.8,1.2,72.5,49,84,0.583,2.4,8,18,0.444
488,Rahmir Barno,Jr,6-0,72,UC San Diego,Florida Gulf Coast,79.2,1.3,-2.5,-1.6,-0.8,105.3,22.1,47.3,50.5,1.1,8.9,28.1,16.6,0.5,2.6,38.7,124,259,0.479,3.1,16,54,0.296
489,Ethan Duncan,Jr,6-0,72,Cal Baptist,Lipscomb,50.7,1.3,0.5,1.4,-0.9,113.7,21.1,56.5,58.4,2.6,7.6,8.1,8.4,0.2,2.1,10.2,51,90,0.567,15.4,62,165,0.376
490,Eli Ellis,Fr,6-0,72,Charleston,South Carolina,57.8,1.3,0.0,-0.8,0.7,106.5,18.1,44.2,50.6,3.0,9.3,14.3,11.7,0.1,1.8,31.9,57,125,0.456,6.5,23,82,0.28
491,Divine Ugochukwu,So,6-3,75,LSU,Michigan St.,25.1,1.3,4.4,0.8,3.6,120.3,14.7,62.0,61.7,1.7,9.4,17.0,17.2,1.1,1.5,21.7,23,40,0.575,7.3,19,43,0.442
492,Jah'Likai King,Jr,6-2,74,Little Rock,UMBC,77.6,1.3,-2.0,-1.1,-1.0,104.7,23.2,47.5,53.0,1.3,9.2,9.6,11.8,0.8,1.4,34.7,97,202,0.48,8.6,43,138,0.312
493,David Castillo,So,6-1,73,Santa Clara,Kansas St.,70.4,1.3,-1.8,-0.5,-1.2,103.4,17.7,49.7,52.4,1.2,6.5,10.6,14.7,0.1,0.8,17.2,60,131,0.458,9.6,56,159,0.352
494,Jacob Theodosiou,Jr,6-4,76,Duke,Loyola MD,47.7,1.3,-0.2,0.4,-0.6,99.7,31.5,50.2,54.3,2.5,15.6,24.7,20.2,0.8,4.2,50.2,80,146,0.548,9.2,26,91,0.286
495,Maguire Mitchell,Fr,6-5,77,Indiana St.,IU Indy,66.9,1.3,-2.0,0.2,-2.2,111.7,18.0,55.0,56.5,3.6,6.4,5.9,10.0,2.2,2.3,12.1,47,78,0.603,14.6,78,220,0.355
496,Kaseem Watson,Jr,6-9,81,East Carolina,UTEP,79.8,1.3,-0.9,0.4,-1.3,100.9,22.1,46.3,51.3,4.7,13.1,9.0,14.3,1.2,1.7,27.6,57,155,0.368,9.8,55,146,0.377
497,Melo Sanchez,Sr,6-4,76,South Dakota,Central Connecticut,60.5,1.3,-1.0,0.2,-1.2,115.1,17.3,59.4,60.9,2.0,7.8,6.0,12.5,0.7,2.3,13.9,36,71,0.507,11.8,56,131,0.427
498,Adlan Elamin,Fr,6-9,81,Cincinnati,Utah St.,47.8,1.3,3.3,1.5,1.8,112.3,16.2,52.5,55.9,4.5,14.1,8.0,14.5,2.5,2.1,24.2,53,89,0.596,7.7,27,89,0.303
499,Godslove Nwabude,So,6-9,81,Kent St.,Eastern Michigan,46.3,1.2,0.4,-2.1,2.5,124.0,12.7,64.7,64.1,10.7,21.2,2.4,13.3,8.2,1.7,29.4,66,101,0.653,0.1,0,1,0.0
500,Ryan Kalambay,So,6-9,81,St. Bonaventure,Detroit Mercy,50.9,1.2,2.0,0.0,2.0,127.9,11.1,58.3,61.6,12.7,16.7,4.4,14.4,8.0,2.3,50.0,49,84,0.583,0.0,0,0,0.0
501,Tennessee Rainwater,Jr,6-6,78,Mercyhurst,Le Moyne,61.5,1.2,-1.0,-0.8,-0.1,111.2,19.7,63.4,65.3,4.2,15.4,14.1,21.4,1.0,1.7,79.2,75,126,0.595,3.2,21,42,0.5
502,Darius Adams,Fr,6-5,77,N.C. State,Maryland,63.9,1.2,-2.2,-1.3,-0.9,94.4,26.0,40.6,46.6,3.7,12.3,14.3,17.7,0.7,1.2,44.6,78,181,0.431,9.4,33,133,0.248
503,George Natsvlishvili,Jr,6-10,82,Winthrop,North Dakota,48.6,1.2,-3.5,-0.9,-2.6,109.1,23.1,51.4,53.4,13.5,15.6,10.8,14.0,1.4,1.5,65.9,89,171,0.52,0.5,1,5,0.2
504,Jalyke Gaines-Wyatt,Jr,6-0,72,Southern Miss,Hampton,60.5,1.2,-3.9,-1.6,-2.3,100.5,25.7,43.9,52.7,0.7,6.0,24.3,20.0,0.3,1.7,66.8,72,160,0.45,5.7,19,69,0.275
505,KC Ugwuakazi,Jr,6-8,80,Robert Morris,Merrimack,43.9,1.2,1.2,-2.2,3.3,118.2,16.5,58.1,58.2,14.8,17.8,7.6,13.9,12.5,2.4,44.4,68,116,0.586,0.1,0,1,0.0
506,Nilavan Daniels,So,6-3,75,William & Mary,Providence,14.4,1.2,1.2,-0.7,1.9,145.7,7.7,69.6,71.5,3.6,7.9,6.2,11.1,0.5,1.7,39.1,1,2,0.5,6.0,10,21,0.476
507,Jordan Marsh,Jr,5-11,71,Temple,USC,38.6,1.2,1.1,0.0,1.1,107.3,20.3,49.3,54.8,1.2,10.7,19.0,17.7,0.7,2.0,41.2,28,66,0.424,9.5,30,82,0.366
508,Dre Kindell,Jr,5-11,71,Drake,Wichita St.,41.5,1.2,1.1,-0.7,1.8,114.3,18.9,47.6,54.8,2.9,7.3,23.3,18.3,0.7,2.2,51.4,53,113,0.469,3.3,11,33,0.333
509,Chol Machot,So,7-0,84,Georgetown,Charleston,49.0,1.2,2.6,-0.3,2.9,110.1,21.7,60.6,62.9,11.2,18.1,2.1,20.2,14.4,1.2,49.7,97,153,0.634,2.1,6,22,0.273
510,Adam Njie Jr.,Fr,6-3,75,Dayton,Iona,70.7,1.2,-1.5,-1.4,-0.1,98.9,25.6,45.4,48.8,2.2,9.5,30.4,22.5,0.3,3.4,22.2,125,272,0.46,6.4,31,106,0.292
511,JaVar Daniel,Jr,6-10,82,Tarleton St.,West Georgia,46.0,1.2,2.1,0.4,1.7,119.6,18.2,55.1,57.4,9.4,21.5,6.1,10.1,9.1,2.3,28.6,79,150,0.527,1.8,9,18,0.5
512,Malek Gomma,Jr,6-8,80,Utah,Weber St.,63.9,1.2,-1.7,-0.1,-1.6,110.0,18.2,52.7,51.9,12.7,18.6,9.8,13.7,0.7,1.3,51.1,95,181,0.525,0.4,2,5,0.4
513,Kevon Vanderhorst,Jr,6-2,74,Iona,Drexel,75.3,1.2,-1.5,-1.9,0.4,108.0,18.1,49.2,52.9,2.9,7.4,19.3,16.4,0.0,2.0,27.7,88,157,0.561,5.8,23,92,0.25
514,Andrija Grbovic,Jr,6-11,83,Oklahoma St.,Arizona St.,49.6,1.2,0.5,0.3,0.3,110.4,15.8,51.9,54.6,4.6,11.9,3.5,11.0,1.0,1.3,20.2,33,65,0.508,10.7,43,123,0.35
515,Johan Munch,So,6-11,83,SMU,Oregon St.,48.6,1.2,-0.7,-1.4,0.7,103.4,22.4,53.0,56.1,10.7,18.3,11.7,19.5,4.2,2.1,61.5,88,161,0.547,0.7,1,8,0.125
516,Tavaj Cope,Jr,6-7,79,Tarleton St.,New Orleans,51.4,1.2,-0.7,-0.2,-0.5,111.0,17.9,57.5,61.2,3.6,11.0,7.9,18.7,1.6,1.3,71.4,82,132,0.621,2.4,7,29,0.241
517,Fazl Oshodi,So,6-3,75,Marshall,Southern,49.6,1.2,0.7,1.3,-0.6,116.0,16.9,53.1,55.7,0.7,6.6,5.1,6.4,0.9,2.8,12.9,31,65,0.477,14.4,59,160,0.369
518,Franck Kepnang,Sr,6-11,83,Kentucky,Washington,46.2,1.2,3.3,-0.2,3.5,110.5,15.3,51.5,54.4,13.0,18.9,1.7,16.9,9.9,1.5,34.1,68,131,0.519,0.1,0,1,0.0
519,Binael Basil,So,6-7,79,Texas A&M Corpus Chr,Wagner,55.9,1.2,-1.7,-0.3,-1.4,108.6,22.1,56.1,56.3,13.0,17.9,10.8,17.8,2.0,1.2,52.0,91,158,0.576,1.4,4,15,0.267
520,Andrew Phillips,Jr,6-4,76,George Washington,Lafayette,84.0,1.2,-1.8,0.2,-2.0,103.4,22.0,47.5,50.1,5.2,10.9,8.2,8.6,0.4,2.1,23.4,90,182,0.495,11.6,62,203,0.305
521,Meechie White,Jr,6-1,73,Indiana St.,Eastern Illinois,76.2,1.2,-0.5,-1.7,1.3,105.4,19.9,48.4,54.5,2.8,11.7,20.7,18.1,0.4,4.0,36.3,72,165,0.436,5.4,32,83,0.386
522,Jackson Rasmussen,Fr,6-7,79,Oregon St.,Idaho,77.0,1.2,-0.9,-0.4,-0.5,102.7,21.8,50.7,53.4,4.7,12.3,8.2,15.9,1.3,1.1,32.9,123,234,0.526,5.9,32,103,0.311
523,Sebastian Robinson,Jr,6-1,73,Texas A&M Corpus Chr,NJIT,62.4,1.2,-1.8,-0.9,-0.9,97.3,29.9,46.2,50.5,1.3,10.0,20.6,14.3,0.6,2.6,37.5,146,306,0.477,3.6,12,49,0.245
524,Chris Lockett,So,6-4,76,Jacksonville St.,Jacksonville,62.1,1.2,-1.2,-0.5,-0.7,109.4,20.4,44.0,49.6,4.2,10.7,13.0,9.6,0.3,2.5,29.6,62,144,0.431,8.1,30,99,0.303
525,Eric Dibami,Fr,6-10,82,UC Santa Barbara,FIU,70.1,1.2,0.6,-0.6,1.1,106.4,18.4,52.6,53.3,12.0,15.4,8.9,17.3,6.1,2.7,58.7,103,195,0.528,0.1,0,1,0.0
526,Caleb Blackwell,Jr,6-1,73,Tarleton St.,UTEP,68.2,1.2,-1.1,-1.1,0.0,102.8,20.0,51.9,52.7,0.7,10.0,21.6,16.1,0.3,2.5,14.3,53,115,0.461,9.7,47,123,0.382
527,Taj Manning,Jr,6-7,79,Iowa St.,Kansas St.,48.6,1.2,1.4,0.0,1.4,116.7,11.8,51.0,54.0,11.6,16.2,7.0,15.6,3.7,1.8,32.7,44,74,0.595,2.4,5,27,0.185
528,Mason Porter-Brown,Jr,6-6,78,Florida Atlantic,LIU,50.1,1.2,-0.9,-0.4,-0.5,115.1,18.2,57.1,60.1,7.0,11.5,5.6,16.4,2.2,2.4,42.3,51,95,0.537,7.8,38,94,0.404
529,Isaac Finlinson,Jr,6-8,80,Western Michigan,Hawaii,58.2,1.2,1.0,0.0,1.0,109.9,18.2,56.8,59.1,4.2,13.6,6.5,16.6,1.1,1.4,50.8,65,118,0.551,6.1,32,81,0.395
530,Ring Nyeri,So,6-8,80,Wake Forest,Northern Colorado,64.4,1.2,-0.2,-0.3,0.0,114.4,15.5,58.5,58.6,8.4,20.4,3.8,13.6,3.7,0.9,16.6,80,132,0.606,4.6,22,61,0.361
531,Redd Thompson Jr.,So,6-0,72,Mount St. Mary's,Longwood,53.2,1.2,-2.7,-0.1,-2.6,105.8,25.0,47.9,54.0,2.9,5.8,18.4,19.3,0.0,1.4,33.5,50,106,0.472,12.3,44,136,0.324
532,Dez White,Jr,6-2,74,Temple,Oregon St.,66.3,1.2,-0.4,0.0,-0.4,103.7,17.9,50.6,53.0,1.1,9.6,15.8,14.5,0.4,1.8,16.9,30,81,0.37,11.9,66,174,0.379
533,Andrew Ball,Sr,6-8,80,Richmond,Monmouth,51.0,1.1,0.9,0.7,0.2,112.0,18.0,56.9,57.6,5.6,15.5,6.2,12.7,3.4,1.8,24.8,79,124,0.637,6.9,24,78,0.308
534,Pat Curtin,Fr,6-3,75,IU Indy,Bucknell,50.8,1.1,-1.2,-0.2,-0.9,100.3,28.2,47.8,52.3,5.1,16.0,15.0,15.4,0.2,3.4,29.8,90,170,0.529,10.5,32,119,0.269
535,Alyn Breed,Sr,6-3,75,UNLV,N.C. State,22.7,1.1,1.7,-0.8,2.5,117.0,15.6,47.3,54.4,1.9,12.8,14.4,10.6,0.4,2.6,37.8,20,45,0.444,5.3,10,29,0.345
536,Ben Tweedy,So,6-4,76,Manhattan,Colgate,72.8,1.1,-2.8,-0.8,-2.0,111.6,16.7,54.2,57.3,2.8,9.2,14.8,16.3,0.1,1.2,40.9,50,98,0.51,6.8,40,105,0.381
537,Avery Thomas II,So,6-7,79,Kennesaw St.,Louisiana Tech,60.7,1.1,0.0,-0.7,0.7,108.7,18.6,43.3,47.9,11.6,19.3,4.7,10.8,2.7,2.7,27.4,59,125,0.472,8.4,27,105,0.257
538,Mitchell Taylor,So,6-3,75,UNC Asheville,South Carolina St.,49.7,1.1,0.4,-0.2,0.6,108.8,21.6,52.2,57.5,2.3,9.7,24.2,21.7,0.0,3.1,43.9,58,124,0.468,5.3,24,56,0.429
539,Tycen McDaniels,Jr,6-8,80,UT Arlington,Alcorn St.,67.9,1.1,-1.9,-1.8,-0.1,100.3,24.5,52.8,57.9,8.4,18.7,8.7,22.8,4.8,2.8,50.2,138,259,0.533,0.5,2,8,0.25
540,Malachi Palmer,So,6-6,78,Minnesota,Villanova,45.3,1.1,1.5,-0.4,1.9,118.4,11.6,58.6,60.3,3.4,7.6,5.7,14.5,0.4,2.0,18.1,26,38,0.684,7.7,28,78,0.359
541,Jose Roberto Tanchyn,Jr,6-10,82,San Diego,UMBC,46.6,1.1,1.8,0.8,1.0,116.5,18.6,55.8,57.0,10.0,25.3,8.1,12.2,3.0,2.0,23.7,51,92,0.554,6.6,24,64,0.375
542,Aleksas Bieliauskas,Fr,6-10,82,South Carolina,Wisconsin,49.7,1.1,1.2,0.1,1.1,111.8,14.0,52.8,54.0,8.7,16.3,7.1,16.6,3.3,0.5,20.8,34,63,0.54,6.7,28,81,0.346
543,Reggie Bass,Jr,6-3,75,Bethune Cookman,Lindenwood,70.1,1.1,-2.6,-1.3,-1.3,101.5,20.9,44.3,53.6,1.0,9.3,16.6,19.6,0.1,1.9,60.0,41,101,0.406,9.0,42,134,0.313
544,Anthony Smith lll,Fr,6-1,73,Winthrop,North Dakota,42.9,1.1,-2.1,0.1,-2.2,107.9,24.1,48.9,54.8,3.8,9.5,25.0,17.3,0.2,2.2,38.5,74,140,0.529,4.4,10,42,0.238
545,Chris Fields Jr.,Jr,6-7,79,Oakland,Campbell,35.9,1.1,-0.5,-0.7,0.2,97.5,30.3,44.5,49.7,13.6,26.8,14.1,20.0,1.3,3.4,55.2,79,170,0.465,1.4,1,11,0.091
546,Mookie Cook,Jr,6-6,78,San Jose St.,San Francisco,38.6,1.1,1.6,0.0,1.7,103.6,21.0,52.3,56.1,5.9,16.4,15.2,22.4,4.2,1.7,42.1,35,78,0.449,6.6,23,55,0.418
547,Lilian Marville,Fr,6-1,73,George Mason,UNC Greensboro,61.0,1.1,-2.8,-0.3,-2.5,112.7,17.9,55.7,58.9,0.9,7.9,16.4,16.4,0.0,1.5,32.5,49,120,0.408,6.5,45,89,0.506
548,Luke Bamgboye,So,6-10,82,TCU,Texas Tech,25.8,1.1,3.1,-1.9,4.9,114.0,14.1,50.8,57.1,6.6,16.0,4.6,15.5,10.3,1.0,73.8,31,59,0.525,0.3,0,2,0.0
549,Sergej Macura,So,6-9,81,UCLA,Mississippi St.,39.8,1.1,2.0,0.9,1.1,114.3,14.0,58.5,56.6,8.1,19.4,7.6,13.9,0.8,1.3,34.9,53,85,0.624,2.3,6,21,0.286
550,Paul Djobet,So,6-7,79,UAB,Miami FL,36.8,1.1,-2.1,0.0,-2.1,106.0,19.1,52.5,56.0,7.3,12.4,9.8,19.5,1.7,1.9,28.9,44,87,0.506,4.4,13,34,0.382
551,Milan Momcilovic,Jr,6-8,80,Kentucky,Iowa St.,76.2,5.1,10.2,7.8,2.4,136.9,18.1,67.2,69.3,0.8,11.5,6.1,8.8,1.0,1.6,20.0,72,132,0.545
