rk,player,class,height,height_in,team,old_team,min_pct,prpg,bpm,obpm,dbpm,ortg,usg,efg,ts,oreb_pct,dreb_pct,ast_pct,to_pct,blk_pct,stl_pct,ftr,fgm2,fga2,two_pct,three_per100,fgm3,fga3,three_pct
1,Brody Robinson,Sr,5-11,71,,Oakland,90.8,4.2,2.0,4.0,-2.0,120.3,24.2,51.8,60.2,0.9,7.6,31.4,16.4,0.1,2.0,73.3,62,134,0.463,10.1,75,203,0.369
2,Tijan Saine Jr.,Jr,5-10,70,,Weber St.,83.1,4.2,3.1,4.5,-1.3,123.9,24.5,52.2,60.7,1.0,7.3,25.0,12.9,0.0,1.8,53.4,111,216,0.514,7.9,50,140,0.357
3,Allen Graves,Fr,6-9,81,,Santa Clara,57.0,4.1,12.7,8.5,4.2,135.4,22.4,58.2,61.5,13.9,20.0,13.8,8.2,5.0,4.9,40.6,105,185,0.568,6.7,37,91,0.407
4,Kamrin Oriol,Sr,6-2,74,,North Florida,89.8,3.7,-0.5,3.3,-3.8,114.1,27.4,58.1,62.3,0.7,8.1,25.1,18.4,0.3,1.2,27.8,119,218,0.546,11.9,95,232,0.409
5,Hamad Mousa,So,6-8,80,,Cal Poly,76.1,3.6,3.7,4.7,-1.0,114.1,27.2,52.9,60.2,3.7,17.2,12.9,16.3,1.2,1.6,47.1,105,205,0.512,11.6,76,209,0.364
6,Javontae Campbell,Sr,6-2,74,,Bowling Green,87.9,3.6,5.7,2.7,3.1,113.0,28.4,51.9,57.3,3.9,10.6,29.7,15.9,0.8,4.4,50.8,173,329,0.526,3.6,21,65,0.323
7,Frank Mitchell,Sr,6-8,80,,St. Bonaventure,84.3,3.6,3.0,3.5,-0.5,112.3,26.5,56.3,57.3,14.8,21.1,16.4,18.0,1.8,2.6,31.4,233,411,0.567,0.2,0,3,0.000
8,Jason Edwards,Sr,6-1,73,,Providence,45.1,3.5,3.2,4.3,-1.0,114.3,28.5,51.6,56.3,0.8,10.3,21.9,13.1,0.2,1.7,36.6,76,147,0.517,12.7,48,140,0.343
9,Chaze Harris,Sr,6-6,78,,South Alabama,80.2,3.5,3.5,2.8,0.7,106.9,36.2,54.1,55.8,5.1,11.3,38.0,16.9,1.5,3.0,56.9,226,407,0.555,1.3,4,22,0.182
10,Nate Kingz,Sr,6-5,77,,Syracuse,76.8,3.3,5.1,3.9,1.2,123.7,16.4,60.5,61.0,3.4,9.8,7.6,8.2,2.0,1.6,21.7,78,113,0.690,10.3,65,177,0.367
11,Jamichael Stillwell,Sr,6-8,80,,UCF,66.1,3.2,5.1,3.4,1.7,117.3,21.3,52.6,56.2,13.1,19.5,13.3,15.1,0.6,2.1,42.9,122,227,0.537,2.5,12,39,0.308
12,Dezayne Mingo,Sr,6-4,76,,Charlotte,65.7,3.2,3.0,3.8,-0.8,116.4,26.3,52.0,56.1,3.1,11.4,35.2,17.2,0.1,2.1,37.5,77,163,0.472,9.9,54,141,0.383
13,Malique Ewin,Sr,6-10,82,,Arkansas,51.9,3.1,5.6,4.2,1.4,126.5,21.7,59.7,63.7,15.7,15.5,7.8,14.4,5.4,1.8,60.4,128,218,0.587,0.3,3,4,0.750
14,Jaiden Feroah,Sr,6-9,81,,Southern Utah,77.3,3.1,4.0,3.3,0.6,118.1,20.4,61.8,65.8,7.2,17.7,12.2,19.6,4.8,1.6,33.5,109,177,0.616,5.6,37,89,0.416
15,Elijah Mahi,Sr,6-7,79,,Santa Clara,75.9,3.0,4.7,3.9,0.8,113.0,22.9,51.3,53.8,5.6,13.0,14.8,14.5,1.4,2.7,24.0,124,244,0.508,8.6,54,156,0.346
16,Cliff Davis,Sr,6-2,74,,James Madison,78.2,3.0,3.1,3.8,-0.7,119.5,22.1,55.1,58.8,1.5,9.4,11.2,10.1,0.1,2.2,23.3,68,131,0.519,15.2,98,259,0.378
17,Shelton Williams-Dryden,Sr,6-6,78,,West Georgia,87.7,3.0,0.4,2.3,-2.0,112.9,28.0,51.4,54.9,9.8,19.3,8.8,10.9,0.5,1.7,34.2,226,418,0.541,3.8,17,71,0.239
18,Corey Stephenson,Sr,6-6,78,,FIU,77.3,3.0,3.7,4.1,-0.5,112.5,25.4,53.7,57.2,6.9,14.5,10.4,15.0,1.9,2.3,36.1,106,214,0.495,10.1,65,165,0.394
19,Po'Boigh King,Jr,6-4,76,,Sam Houston St.,65.7,3.0,2.0,2.9,-0.9,121.6,20.2,52.4,56.7,2.0,5.7,9.9,8.6,0.7,1.4,27.8,68,145,0.469,11.6,64,168,0.381
20,Ian Scott,So,6-7,79,,Indiana St.,75.2,3.0,5.2,2.9,2.3,118.9,20.3,65.9,67.6,5.9,17.9,17.9,19.3,3.1,2.2,45.1,135,200,0.675,2.9,18,46,0.391
21,Shilo Jackson,Sr,6-9,81,,Le Moyne,65.6,2.9,2.5,1.6,0.8,117.0,24.8,63.0,65.9,10.4,18.9,16.5,19.1,5.5,1.0,56.4,156,248,0.629,0.1,1,2,0.500
22,AJ Lopez,Sr,6-5,77,,Richmond,65.5,2.9,3.9,3.8,0.2,120.6,22.5,54.5,61.6,1.7,8.3,10.2,9.2,2.5,2.2,51.4,90,176,0.511,7.3,41,102,0.402
23,Kavion McClain,Sr,5-10,70,,Monmouth,29.4,2.9,2.4,2.0,0.3,109.1,25.8,58.0,60.5,1.2,8.0,34.2,23.1,0.0,3.0,18.2,47,80,0.588,9.6,24,63,0.381
24,Yaphet Moundi,Sr,6-8,80,,San Jose St.,25.7,2.9,3.3,2.6,0.7,113.0,25.3,50.0,58.2,9.9,24.3,11.7,16.0,2.2,2.6,79.8,47,90,0.522,0.7,0,4,0.000
25,Cayden Charles,Sr,6-3,75,,St. Bonaventure,83.1,2.9,1.6,1.5,0.2,115.6,19.8,49.2,56.3,5.5,18.4,10.5,13.5,1.3,2.8,55.2,108,220,0.491,4.7,29,88,0.330
26,Tavion Banks,Jr,6-7,79,,Iowa,58.1,2.8,4.3,2.1,2.2,116.5,23.2,55.9,61.4,8.6,18.8,9.7,16.6,1.3,2.7,52.8,109,203,0.537,3.2,19,43,0.442
27,Dontae Horne,Sr,6-4,76,,Prairie View A&M,82.6,2.8,2.3,2.6,-0.2,106.0,31.5,48.0,54.4,3.8,11.6,21.6,14.4,0.9,3.2,44.3,181,375,0.483,7.4,46,146,0.315
28,Prophet Johnson,Sr,6-3,75,,Sacramento St.,87.4,2.8,3.7,2.9,0.7,108.8,25.2,51.7,55.5,5.0,17.4,22.4,14.3,1.1,3.9,35.0,135,268,0.504,6.1,40,109,0.367
29,Braden Sparks,Sr,6-0,72,,Fairfield,83.9,2.8,2.4,2.8,-0.4,113.6,24.3,50.4,53.8,1.7,9.3,16.2,12.4,0.4,2.4,23.6,100,231,0.433,12.6,90,235,0.383
30,Filip Brankovic,Jr,6-6,78,,UT Rio Grande Valley,60.4,2.8,3.5,3.6,-0.1,117.0,26.2,58.3,61.1,8.2,13.4,17.9,14.9,1.9,1.0,21.9,126,202,0.624,8.3,35,104,0.337
31,Terri Miller Jr.,Sr,6-8,80,,Portland St.,78.2,2.8,5.6,3.6,2.1,108.7,29.9,55.7,57.9,5.0,14.6,24.1,17.7,2.6,2.5,30.6,142,259,0.548,8.9,52,136,0.382
32,Erik Pratt,Sr,6-5,77,,Stony Brook,83.4,2.7,0.1,1.4,-1.4,102.6,31.7,48.1,51.8,2.7,13.9,26.3,15.3,0.9,1.8,29.6,151,313,0.482,9.8,53,166,0.319
33,Lajae Jones,Sr,6-7,79,,Florida St.,73.7,2.7,4.4,2.7,1.7,115.0,19.3,51.2,55.6,5.1,16.3,7.0,10.1,4.0,2.3,36.8,82,152,0.539,9.7,55,169,0.325
34,Melvin Council Jr.,Sr,6-4,76,,Kansas,86.3,2.7,3.6,1.0,2.6,102.6,23.2,43.4,46.5,2.6,11.9,28.0,13.7,1.0,1.7,18.1,136,321,0.424,5.8,37,120,0.308
35,Javon Jackson,Sr,6-3,75,,Murray St.,64.1,2.7,0.4,1.6,-1.3,108.2,31.2,49.2,54.6,1.7,8.1,23.4,16.6,0.2,2.5,31.9,130,283,0.459,9.8,55,149,0.369
36,Paul Djobet,Jr,6-7,79,,Nebraska Omaha,51.2,2.6,2.6,3.6,-1.0,111.0,28.6,58.0,60.4,6.2,19.3,15.3,16.4,1.9,1.6,32.8,94,168,0.560,8.0,34,82,0.415
37,Bernie Blunt,Sr,5-11,71,,Mercyhurst,77.9,2.6,1.4,2.9,-1.5,110.6,28.4,47.8,54.6,2.4,10.1,14.6,9.1,0.1,2.2,39.1,112,243,0.461,11.6,63,189,0.333
38,Michael Osei-Bonsu,Sr,6-4,76,,Missouri St.,63.7,2.6,2.7,2.1,0.6,106.7,30.2,57.6,57.3,12.0,19.0,20.3,18.1,3.2,2.6,61.6,171,297,0.576,0.0,0,0,0.000
39,Brayden Maldonado,Sr,6-0,72,,Seattle,72.0,2.6,5.0,2.7,2.3,110.3,23.8,51.3,56.1,1.8,11.6,20.1,12.3,0.5,2.7,28.1,67,150,0.447,12.5,77,206,0.374
40,Tayton Conerway,Sr,6-3,75,,Indiana,47.7,2.6,6.3,3.3,3.0,114.7,25.1,61.1,63.9,4.3,11.5,31.6,22.6,0.9,3.0,42.2,83,118,0.703,6.1,18,62,0.290
41,Nasir Mann,Sr,6-5,77,,Queens,75.3,2.5,0.8,2.1,-1.3,118.7,21.5,54.8,58.8,5.6,15.9,16.2,14.1,0.6,2.1,36.3,133,229,0.581,5.7,33,104,0.317
42,Jaidon Lipscomb,Sr,6-5,77,,Cleveland St.,69.1,2.5,1.6,3.8,-2.2,118.5,21.4,61.4,64.6,1.7,11.1,20.7,18.0,1.2,2.4,26.1,33,60,0.550,14.6,91,216,0.421
43,George Marshall,Sr,6-4,76,,Morehead St.,77.3,2.4,1.0,1.9,-0.9,115.2,22.2,50.3,57.7,3.9,12.4,11.2,15.6,1.1,2.3,52.2,64,140,0.457,10.1,57,157,0.363
44,Justin Allen,Sr,6-4,76,,Green Bay,65.7,2.4,-0.5,1.6,-2.1,112.5,26.4,52.1,57.2,3.7,13.9,14.3,11.1,0.5,1.2,37.2,132,232,0.569,6.4,22,85,0.259
45,Fred Payne,So,6-1,73,,Boston College,85.3,2.4,3.7,2.1,1.6,104.6,24.7,47.2,49.8,2.2,11.3,18.7,10.0,0.5,2.0,17.4,114,241,0.473,11.9,67,213,0.315
46,Jaylin Henderson,Sr,6-3,75,,Portland St.,94.8,2.3,0.5,0.2,0.3,103.2,28.3,43.8,50.1,2.2,10.5,31.3,16.6,0.9,2.2,41.8,144,312,0.462,5.9,27,109,0.248
47,Takai Simpkins,Sr,6-4,76,,Oregon,77.2,2.3,1.2,0.8,0.3,106.5,20.5,51.0,56.2,1.9,8.9,15.5,18.9,0.7,1.7,33.2,77,158,0.487,8.5,50,140,0.357
48,Brian Taylor,Sr,6-4,76,,East Tennessee St.,84.1,2.3,-0.1,0.7,-0.8,114.1,22.4,52.5,55.7,2.7,10.7,16.3,11.4,0.5,2.1,27.1,120,228,0.526,8.3,52,149,0.349
49,Anthony Johnson,Sr,6-3,75,,Arizona St.,62.3,2.3,3.4,1.6,1.8,104.4,26.9,49.7,56.4,3.0,11.8,14.5,18.2,1.5,3.0,59.6,111,223,0.498,5.4,26,79,0.329
50,Angelo Brizzi,Sr,6-3,75,,Buffalo,75.1,2.3,0.2,0.6,-0.4,111.5,23.5,55.5,61.7,2.2,9.0,12.1,18.2,1.1,3.5,49.0,92,163,0.564,8.3,46,127,0.362
51,Ring Malith,Sr,6-9,81,,SIU Edwardsville,30.3,2.3,4.1,3.7,0.4,109.4,27.4,53.9,57.7,5.6,12.6,12.1,15.0,2.3,1.9,40.1,45,84,0.536,9.9,21,58,0.362
52,Day Day Thomas,Sr,6-1,73,,Cincinnati,75.8,2.3,4.4,1.2,3.1,108.0,20.3,48.4,53.1,2.2,9.2,21.5,16.1,1.9,1.8,24.2,48,133,0.361,10.9,72,189,0.381
53,C.J. Anthony,Sr,6-0,72,,Iona,75.5,2.3,1.2,1.0,0.3,108.5,26.1,51.7,56.3,1.2,9.4,34.3,20.0,0.3,3.0,41.6,92,189,0.487,8.3,52,140,0.371
54,Ty-Laur Johnson,Jr,6-0,72,,San Diego,50.5,2.3,1.2,0.7,0.5,100.8,30.7,47.3,52.4,3.1,8.8,31.6,19.5,1.1,4.5,31.4,95,196,0.485,7.2,23,78,0.295
55,Ralph Martino Jr.,So,6-6,78,,Saint Francis,32.3,2.2,-0.6,1.0,-1.5,136.7,11.8,64.3,66.8,4.4,7.9,10.2,7.8,0.3,2.4,37.1,24,43,0.558,4.1,14,27,0.519
56,Cris Carroll,Sr,6-6,78,,Youngstown St.,78.0,2.2,2.7,2.5,0.2,108.4,26.7,58.4,61.5,3.0,17.7,13.3,20.9,1.5,2.2,33.5,86,147,0.585,13.5,82,211,0.389
57,Cedric Taylor III,Jr,6-7,79,,Howard,59.7,2.2,2.3,0.8,1.6,109.2,26.8,50.3,56.7,5.5,17.7,20.4,18.9,4.3,2.6,45.6,107,202,0.530,6.6,25,85,0.294
58,Lane Sparks,Sr,6-3,75,,Oral Roberts,1.1,2.2,7.9,3.7,4.3,140.0,19.4,90.0,90.0,0.0,17.4,24.8,22.4,0.0,4.3,0.0,3,3,1.000,8.7,1,2,0.500
59,Mostapha El Moutaouakkil,Sr,6-6,78,,Jacksonville St.,75.6,2.2,-1.2,0.1,-1.2,98.1,35.2,47.8,52.7,5.2,21.8,10.3,16.7,1.2,1.8,60.4,146,313,0.466,6.8,34,99,0.343
60,Josh Ward,Sr,6-1,73,,Cal St. Fullerton,78.3,2.1,1.9,1.1,0.8,107.5,23.2,49.4,54.8,2.3,14.0,21.3,14.6,2.0,2.9,47.3,107,207,0.517,7.4,43,140,0.307
61,Sam Smith,Sr,6-6,78,,Wagner,7.5,2.1,1.0,3.8,-2.7,132.5,21.4,54.5,58.6,13.6,18.0,8.5,3.3,2.6,0.0,18.2,12,22,0.545,7.9,4,11,0.364
62,Jalen Griffith,Jr,5-10,70,,Western Michigan,48.2,2.1,-0.1,2.6,-2.7,111.7,26.2,52.4,55.9,1.2,6.7,31.9,16.5,0.0,1.5,23.2,55,119,0.462,11.2,43,109,0.394
63,Vyctorius Miller,So,6-5,77,,Oklahoma St.,57.7,2.1,1.9,1.1,0.8,110.9,19.6,50.8,57.3,3.1,8.3,11.7,16.8,0.9,2.3,41.8,60,131,0.458,7.9,45,120,0.375
64,Greg Gordon,Sr,6-5,77,,LIU,84.7,2.1,1.9,1.2,0.7,110.8,21.9,57.2,55.5,7.8,10.9,17.5,15.3,2.3,3.0,29.1,213,359,0.593,1.4,6,29,0.207
65,Tamario Adley,Sr,6-1,73,,Central Michigan,73.8,2.0,1.0,1.4,-0.4,107.7,24.4,52.8,55.7,6.3,11.8,22.3,18.2,1.1,2.9,33.2,103,198,0.520,6.2,33,91,0.363
66,Jaquan Scott,Sr,6-8,80,,Arkansas Pine Bluff,70.9,2.0,-2.7,-0.7,-2.1,106.2,27.2,49.1,57.1,8.9,19.2,8.7,17.6,2.3,1.8,51.8,139,282,0.493,2.9,14,44,0.318
67,Marcus Hill,Sr,6-3,75,,Texas A&M,55.8,2.0,2.6,1.2,1.4,112.7,21.3,51.1,55.4,5.6,9.4,12.7,12.7,0.6,2.4,44.4,111,198,0.561,4.5,15,63,0.238
68,Montavious Myrick,Sr,6-8,80,,Eastern Kentucky,70.5,1.9,-2.7,-0.6,-2.0,114.5,19.9,53.3,57.0,10.0,15.7,9.4,14.6,2.6,1.5,73.6,113,211,0.536,0.1,0,1,0.000
69,AC Bryant,Jr,6-3,75,,Jacksonville St.,68.7,1.9,2.7,2.5,0.2,115.0,18.6,55.2,56.4,2.3,13.8,7.3,8.5,0.3,2.1,18.1,28,68,0.412,15.3,81,203,0.399
70,Josiah Davis,Sr,6-3,75,,Cal St. Northridge,84.8,1.9,-1.6,-0.2,-1.4,97.6,29.6,46.3,51.5,3.5,11.2,39.3,25.3,1.1,1.7,50.0,182,375,0.485,1.5,4,31,0.129
71,DeAndre Craig,Jr,6-0,72,,Purdue Fort Wayne,73.9,1.9,-1.4,-0.0,-1.4,107.7,24.8,48.2,53.7,2.6,10.7,18.2,12.0,0.1,2.4,39.2,81,185,0.438,8.5,46,126,0.365
72,Noah Barnett,Jr,6-9,81,,Vermont,50.0,1.9,-0.2,-0.9,0.7,135.0,12.7,66.1,66.7,10.6,8.8,4.3,9.8,3.2,1.9,78.9,58,88,0.659,0.2,1,2,0.500
73,Donte Bacchus,Sr,6-7,79,,North Alabama,83.8,1.9,-1.8,0.5,-2.3,110.1,22.5,50.5,53.7,6.2,14.2,7.0,9.9,1.7,1.5,54.1,133,252,0.528,3.4,14,53,0.264
74,Alfred Worrell Jr.,Sr,6-4,76,,Morgan St.,73.3,1.9,-1.2,1.6,-2.8,106.5,26.8,46.1,54.7,3.4,11.3,9.1,14.6,0.6,1.6,46.6,58,144,0.403,13.7,65,193,0.337
75,Dasonte Bowen,Jr,6-2,74,,St. Bonaventure,83.8,1.9,-2.3,-1.2,-1.1,106.5,19.8,44.0,50.7,1.5,9.1,24.1,18.8,0.0,2.1,36.0,105,245,0.429,2.9,18,55,0.327
76,Aaron Clark,Jr,6-6,78,,Pepperdine,81.5,1.9,-1.0,0.6,-1.5,100.2,25.3,49.5,53.9,2.5,9.5,18.8,19.3,0.4,2.0,33.4,95,208,0.457,9.4,58,160,0.362
77,Jailen Bedford,Sr,6-4,76,,Virginia Tech,61.2,1.8,0.8,1.2,-0.5,106.2,22.4,48.3,50.7,4.6,10.1,9.7,11.1,0.3,1.2,19.6,75,172,0.436,10.6,52,145,0.359
78,Skylar Wicks,Sr,6-6,78,,Saint Francis,79.8,1.8,-1.0,1.7,-2.7,99.8,29.5,47.9,50.9,5.2,20.0,19.9,15.6,1.1,2.5,24.9,118,269,0.439,10.3,61,168,0.363
79,Brandon Maclin,Sr,6-3,75,,DePaul,62.3,1.8,3.5,0.6,2.9,104.1,22.3,48.5,52.8,5.4,14.2,21.0,17.6,1.1,2.7,43.9,83,167,0.497,5.3,22,72,0.306
80,Michael Jacobs,Sr,6-2,74,,Southern,76.9,1.8,-1.4,0.7,-2.1,99.1,30.0,42.0,47.4,2.4,11.0,32.0,15.5,0.3,2.5,50.0,120,304,0.395,6.6,37,114,0.325
81,Khouri Carvey,Sr,6-9,81,,North Carolina Centr,42.2,1.8,-1.1,0.7,-1.8,106.3,25.8,53.8,55.1,11.1,17.4,12.9,14.7,4.7,2.1,56.9,83,151,0.550,1.1,2,9,0.222
82,Kyle Pulliam,Sr,6-4,76,,William & Mary,58.1,1.8,0.6,0.1,0.6,115.2,19.3,50.5,58.5,3.1,12.3,13.6,12.5,2.2,2.6,61.3,59,107,0.551,6.8,26,87,0.299
83,Willie Williams,Sr,6-6,78,,Northwestern St.,62.6,1.7,1.4,1.0,0.5,112.4,18.1,62.1,60.2,10.2,24.8,11.7,16.5,2.6,2.0,29.7,110,178,0.618,0.3,2,4,0.500
84,Bradyn Hubbard,Sr,6-7,79,,Abilene Christian,69.0,1.7,-0.2,0.1,-0.3,98.2,30.2,43.5,50.4,4.2,18.0,12.6,15.7,0.4,3.3,43.0,107,252,0.425,9.2,40,132,0.303
85,Anias Futrell,Sr,6-5,77,,Lindenwood,79.4,1.7,2.6,1.6,1.0,105.2,25.0,49.9,54.5,4.2,15.4,12.1,17.3,2.6,3.6,29.2,97,206,0.471,11.5,71,202,0.351
86,Emeka Opurum,So,7-0,84,,Auburn,3.8,1.7,8.3,3.8,4.6,153.2,12.8,76.9,72.6,7.9,22.9,3.4,0.0,11.8,2.0,46.2,10,13,0.769,0.0,0,0,0.000
87,Noah Otshudi,Sr,6-2,74,,Marshall,76.7,1.7,-3.6,-1.1,-2.5,103.6,25.1,48.5,53.4,2.8,8.4,20.0,19.9,0.1,1.7,29.1,142,289,0.491,4.1,21,69,0.304
88,Asim Jones,Sr,6-2,74,,Quinnipiac,72.3,1.7,-0.9,-0.6,-0.4,106.6,23.4,50.3,53.2,2.1,7.2,27.1,18.7,0.6,2.3,23.5,99,233,0.425,6.0,44,95,0.463
89,Dan Gherezgher,Sr,6-4,76,,Northern Kentucky,74.8,1.7,-1.3,0.8,-2.1,106.6,25.3,52.7,55.1,1.7,11.2,17.9,17.1,0.2,1.6,21.8,72,156,0.462,14.9,94,248,0.379
90,Owen Aquino,Sr,6-8,80,,High Point,68.4,1.7,3.9,1.3,2.6,115.1,18.4,57.0,59.2,8.3,16.3,15.2,19.4,7.2,2.5,52.9,96,174,0.552,2.1,15,34,0.441
91,Chris Johnson,Jr,6-5,77,,UCF,37.7,1.6,4.5,3.0,1.5,117.6,18.9,52.8,55.0,1.5,8.7,20.4,12.5,1.1,1.8,24.7,39,77,0.506,9.6,31,85,0.365
92,Karon Boyd,Sr,6-5,77,,Wichita St.,83.6,1.6,1.1,0.2,1.0,108.9,17.5,48.8,51.1,7.4,11.2,8.3,15.4,1.4,1.2,31.6,93,198,0.470,6.3,44,128,0.344
93,Isaac Taveras,Jr,6-5,77,,Southern Miss,39.7,1.6,2.8,0.8,2.1,96.8,33.1,53.1,54.1,8.8,20.0,21.0,22.5,1.3,5.0,39.2,120,216,0.556,2.6,5,24,0.208
94,Greedy Williams,Sr,6-5,77,,UNC Wilmington,77.1,1.6,0.0,-1.0,1.0,113.6,17.1,49.3,56.2,1.4,8.0,24.7,19.9,0.5,2.0,57.7,63,134,0.470,4.1,24,67,0.358
95,Chevalier Emery,Jr,6-0,72,,Cleveland St.,55.0,1.6,-5.5,-0.2,-5.2,105.8,27.9,53.3,58.8,0.4,5.5,19.1,19.0,1.0,0.9,49.6,77,149,0.517,9.5,41,111,0.369
96,Jamil Muttilib,Sr,6-6,78,,Grambling St.,68.6,1.6,1.4,0.9,0.5,111.1,20.4,52.9,57.1,4.4,10.7,4.4,12.7,2.0,2.8,30.3,76,129,0.589,11.2,53,165,0.321
97,Devon Ellis,Sr,6-7,79,,Norfolk St.,68.8,1.6,-0.9,0.8,-1.7,114.8,18.4,56.2,58.5,6.4,12.3,11.8,15.1,1.5,1.2,39.2,89,160,0.556,3.7,19,49,0.388
98,Zaon Collins,Jr,6-1,73,,Fresno St.,62.5,1.5,1.3,-0.7,2.0,101.3,23.6,49.8,53.4,2.6,9.4,30.1,22.1,0.0,3.8,35.5,91,180,0.506,4.0,17,54,0.315
99,Ben Schwieger,Sr,6-8,80,,Northern Iowa,70.0,1.5,3.8,0.7,3.1,107.7,19.3,54.0,56.2,2.7,17.6,12.8,13.2,2.7,2.2,30.0,91,171,0.532,5.9,34,92,0.370
100,Brendan Terry,Sr,6-7,79,,Southeast Missouri S,64.9,1.5,1.1,-0.1,1.2,108.2,23.5,57.3,58.5,6.9,18.1,17.4,19.0,3.8,1.4,44.9,127,222,0.572,1.7,9,23,0.391
101,AJ Rohosy,Sr,6-9,81,,Stanford,50.9,1.5,-0.9,-0.6,-0.2,107.5,20.8,55.4,53.1,12.1,21.2,6.9,13.9,2.8,1.5,36.6,112,202,0.554,0.0,0,0,0.000
102,Melih Tunca,Fr,6-5,77,,Penn St.,55.2,1.5,-0.2,0.7,-0.9,106.5,20.1,50.3,55.2,2.3,9.2,19.1,17.9,1.0,1.8,40.0,63,121,0.521,5.4,20,64,0.313
103,Bryson Dawkins,Sr,6-2,74,,Youngstown St.,69.0,1.5,-0.8,0.2,-1.0,109.4,21.8,55.6,56.4,4.4,14.6,10.8,14.0,0.5,1.5,27.0,115,190,0.605,6.9,29,95,0.305
104,Rich Smith,Sr,6-4,76,,Abilene Christian,75.0,1.5,1.2,-0.2,1.4,104.0,21.4,51.2,55.1,5.9,11.4,33.1,23.3,1.0,3.7,64.9,102,196,0.520,0.8,3,12,0.250
105,Tomas Thrastarson,So,6-6,78,,Washington St.,33.8,1.5,-0.1,0.4,-0.5,105.7,20.8,50.4,56.3,4.7,16.9,9.2,18.7,1.8,1.0,49.2,37,68,0.544,7.0,15,50,0.300
106,Robert Miller III,So,6-10,82,,LSU,45.6,1.4,5.1,0.7,4.4,116.8,15.5,65.7,67.7,8.1,14.6,6.8,22.5,7.9,2.6,69.5,69,104,0.663,0.1,0,1,0.000
107,Logan McIntire,Sr,6-5,77,,Central Michigan,60.4,1.4,-0.4,1.2,-1.6,110.4,19.2,57.3,59.0,1.9,8.9,11.0,16.1,0.8,2.2,13.4,19,44,0.432,15.7,76,188,0.404
108,CJ Hardy,Sr,6-3,75,,Cal St. Bakersfield,48.4,1.4,-1.2,0.4,-1.6,102.8,22.6,48.1,55.0,3.0,11.4,22.1,20.9,1.3,2.5,45.9,58,118,0.492,6.1,20,65,0.308
109,Elijah Tucker,Sr,6-8,80,,Longwood,65.0,1.4,-2.9,-1.5,-1.5,106.9,23.9,56.6,60.3,12.4,18.5,7.8,23.0,2.0,1.6,58.6,127,225,0.564,0.1,1,2,0.500
110,Mikale Stevenson,Sr,6-2,74,,Purdue Fort Wayne,77.3,1.4,-1.7,-0.6,-1.1,101.0,26.1,49.7,53.1,1.6,13.3,19.8,16.3,0.5,2.8,24.9,96,203,0.473,9.5,52,147,0.354
111,Jaylen Searles,Sr,6-8,80,,Nicholls St.,62.4,1.4,0.3,1.0,-0.7,103.1,24.1,50.3,52.8,2.9,15.7,15.9,14.8,2.7,2.1,28.3,63,137,0.460,12.2,60,167,0.359
112,Jan Vide,Jr,6-6,78,,Loyola Marymount,60.6,1.4,-2.2,-1.6,-0.5,98.8,25.9,46.0,49.8,1.1,10.8,29.1,18.2,0.6,1.5,27.3,116,249,0.466,2.2,8,29,0.276
113,Mark Butler,Jr,5-10,70,,Lafayette,85.6,1.4,-4.3,-2.5,-1.8,108.4,19.1,43.6,49.8,1.3,6.3,25.3,10.5,0.3,1.6,42.8,116,264,0.439,1.1,5,19,0.263
114,Ziare Wells,Sr,6-6,78,,Oakland,67.0,1.4,0.9,0.9,-0.0,111.0,17.6,53.2,55.2,4.5,14.0,11.3,13.8,1.1,2.8,21.7,98,189,0.519,4.0,23,60,0.383
115,Jalen Hampton,Sr,6-7,79,,Arkansas St.,63.0,1.4,2.0,0.7,1.3,116.1,15.5,58.0,61.2,9.9,27.3,11.0,22.1,1.8,2.0,34.9,83,139,0.597,2.1,10,30,0.333
116,Chrishawn Christmas,Sr,6-5,77,,Stephen F. Austin,73.9,1.4,1.5,-0.2,1.7,117.8,12.8,54.6,53.3,9.6,16.7,9.7,13.0,1.3,2.2,31.9,89,161,0.553,0.1,0,2,0.000
117,Sola Adebisi,Sr,6-7,79,,The Citadel,74.4,1.4,-2.0,-1.3,-0.7,115.0,15.7,60.4,61.9,7.2,14.4,8.8,18.0,5.0,2.0,40.7,92,138,0.667,3.0,12,44,0.273
118,Jeremy Dent-Smith,Sr,6-1,73,,Stanford,50.0,1.3,0.7,0.5,0.2,104.4,21.8,49.0,51.8,1.6,9.2,14.9,16.8,0.5,2.3,17.0,31,88,0.352,13.7,58,153,0.379
119,Bowen Hardman,Sr,6-3,75,,Akron,46.3,1.3,0.0,2.0,-2.0,125.1,14.1,60.9,62.1,0.8,8.0,2.0,7.9,0.0,0.3,11.2,8,17,0.471,15.8,71,171,0.415
120,Devere Palmer,Jr,6-6,78,,Florida A&M,5.8,1.3,2.0,0.6,1.4,111.1,22.9,45.0,52.5,5.2,19.5,12.7,7.4,1.6,2.5,100.0,9,20,0.450,0.0,0,0,0.000
121,Andrew Holifield,Sr,6-10,82,,Lamar,73.0,1.3,1.2,0.3,0.9,104.3,21.3,45.3,50.7,4.8,13.5,9.4,15.5,7.4,1.6,31.8,56,122,0.459,11.7,49,164,0.299
122,Rob Whaley Jr.,Sr,6-7,79,,Kent St.,55.8,1.3,-1.3,-1.0,-0.3,103.8,25.3,52.6,55.3,8.1,11.4,13.4,19.5,2.9,1.8,59.8,123,229,0.537,1.9,7,25,0.280
123,Lucas Lorenzen,Jr,6-4,76,,Western Illinois,82.7,1.3,-3.5,-0.2,-3.3,102.3,23.2,47.7,53.1,2.9,12.5,6.4,14.3,0.3,1.3,34.5,69,138,0.500,12.3,59,192,0.307
124,Frankie Collins,Sr,6-2,74,,Vanderbilt,13.0,1.3,4.8,-0.6,5.4,100.9,26.8,41.8,48.5,3.1,19.7,36.9,22.6,0.6,6.7,65.5,17,39,0.436,4.8,4,16,0.250
125,Okechukwu Okeke,Sr,6-10,82,,Albany,76.7,1.3,-0.4,-0.4,-0.1,111.7,17.4,67.2,66.4,10.8,17.7,5.3,24.5,8.6,2.0,30.3,131,195,0.672,0.0,0,0,0.000
126,Jaxon Ellingsworth,Sr,6-8,80,,Arkansas St.,55.4,1.3,-0.7,-0.3,-0.4,112.6,18.7,51.5,56.2,8.1,14.8,5.5,16.6,0.8,1.7,41.3,61,114,0.535,7.5,30,92,0.326
127,AJ Barnes,Sr,6-6,78,,Southern,48.9,1.3,0.7,1.0,-0.2,109.9,20.1,45.7,49.6,9.0,16.5,13.8,10.4,2.2,3.1,28.5,54,133,0.406,6.7,27,74,0.365
128,Caleb McCarty,Sr,6-8,80,,Cal St. Bakersfield,4.2,1.3,-1.4,-0.8,-0.6,140.7,14.6,66.7,68.3,12.7,19.9,8.7,7.4,2.2,0.0,33.3,8,12,0.667,0.0,0,0,0.000
129,Trey Deveaux,Sr,6-5,77,,Mount St. Mary's,57.9,1.3,-1.4,-0.2,-1.2,105.1,22.4,49.1,54.0,9.5,8.6,7.0,16.8,1.4,1.2,42.1,77,158,0.487,6.1,25,75,0.333
130,Arlandus Keyes,Sr,6-2,74,,Mount St. Mary's,68.9,1.3,2.3,0.7,1.6,103.0,23.4,51.5,52.5,2.2,10.4,22.2,18.5,1.9,3.2,13.7,45,103,0.437,15.5,83,226,0.367
131,Corey Miller,Jr,6-2,74,,Monmouth,8.2,1.2,-1.6,-1.1,-0.5,138.6,10.7,68.4,69.4,2.1,5.3,12.2,10.3,0.0,1.1,21.1,7,12,0.583,3.8,4,7,0.571
132,Quentin Heady,Jr,6-6,78,,Bethune Cookman,64.1,1.2,-0.7,-0.5,-0.3,107.8,19.9,50.0,55.2,6.2,10.5,9.2,15.1,1.9,2.2,50.0,101,197,0.513,2.4,10,35,0.286
133,Noam Dovrat,Jr,6-5,77,,Miami FL,18.2,1.2,5.4,4.1,1.2,133.2,16.1,63.7,66.0,0.5,6.1,17.9,15.4,0.0,2.3,12.3,6,15,0.400,13.1,27,58,0.466
134,Peitok Machar,So,6-10,82,,McNeese St.,30.4,1.2,1.8,0.8,1.0,134.3,12.6,69.0,66.1,14.0,14.8,0.9,9.7,7.8,1.8,77.6,40,57,0.702,0.2,0,1,0.000
135,Travis Gray,Sr,6-6,78,,Wagner,37.8,1.2,0.9,1.2,-0.2,113.6,19.9,50.0,54.9,5.1,25.6,3.9,10.0,2.1,2.0,40.4,26,58,0.448,11.1,28,78,0.359
136,Justin Page,Jr,6-5,77,,Niagara,51.9,1.2,-3.4,-0.1,-3.2,101.9,23.9,48.8,51.9,3.0,6.1,19.2,13.6,0.8,1.2,20.5,63,125,0.504,9.4,28,90,0.311
137,Albert Vargas,Sr,5-10,70,,Robert Morris,50.2,1.2,-2.5,-2.1,-0.4,109.6,20.0,47.4,53.9,2.5,9.2,27.0,24.4,0.0,1.6,35.9,26,73,0.356,7.9,32,83,0.386
138,Hamed Olayinka,Sr,6-9,81,,FIU,58.9,1.2,-1.1,-1.6,0.5,105.4,21.0,52.8,53.6,12.5,17.7,7.6,17.3,6.4,2.1,39.4,111,202,0.550,0.9,1,11,0.091
139,Rhyjon Blackwell,Sr,6-0,72,,Marist,75.6,1.2,-1.2,-1.2,-0.1,105.1,21.0,48.2,52.8,3.5,10.6,11.3,13.6,0.1,1.5,22.4,75,169,0.444,9.3,49,139,0.353
140,Emmanuel Okorafor,Sr,6-10,82,,Wichita St.,41.5,1.1,3.0,0.4,2.6,111.7,19.7,57.4,59.7,12.0,21.1,4.9,20.6,5.8,1.4,43.2,89,155,0.574,0.0,0,0,0.000
141,Cameron Patterson,Fr,6-5,77,,Texas Southern,9.7,1.1,-0.9,0.4,-1.3,108.3,20.1,55.6,57.9,4.2,10.3,13.7,17.8,1.1,1.5,16.7,17,32,0.531,2.0,2,4,0.500
142,Jerald Colonel,Sr,6-9,81,,Stephen F. Austin,63.4,1.1,4.0,-0.0,4.1,118.0,12.5,48.4,50.3,13.3,19.5,8.2,13.6,11.0,2.2,43.4,59,122,0.484,0.0,0,0,0.000
143,Jaehshon Thomas,Sr,6-3,75,,Drake,50.6,1.1,-2.8,-0.7,-2.1,104.2,22.0,46.1,50.2,2.4,8.1,13.5,9.8,0.4,1.3,29.6,64,135,0.474,8.8,29,98,0.296
144,Sami Pissis,Sr,6-3,75,,Alabama A&M,68.9,1.1,-2.1,-0.9,-1.2,103.0,22.0,45.7,49.6,2.2,10.3,29.3,15.9,0.3,2.5,31.8,64,149,0.430,7.6,35,106,0.330
145,Asjon Anderson,Sr,6-2,74,,Alabama St.,58.5,1.1,-4.1,-0.5,-3.6,95.3,30.5,41.9,49.4,1.6,8.1,25.4,21.1,0.6,1.6,41.1,58,156,0.372,12.8,51,165,0.309
146,Curtis Williams Jr.,Jr,6-6,78,,Tulane,79.8,1.1,-0.4,0.7,-1.1,100.2,20.4,50.0,52.9,2.7,14.1,8.5,13.2,1.8,2.1,17.6,74,151,0.490,11.1,66,195,0.338
147,DJ Patrick,Sr,6-6,78,,UNC Asheville,78.2,1.1,-1.1,-1.0,-0.2,114.8,13.0,54.6,56.8,2.9,10.6,3.9,11.9,1.1,1.6,16.9,17,49,0.347,10.2,64,158,0.405
148,Jayme Mitchell Jr.,Jr,6-5,77,,Jackson St.,78.8,1.1,-2.7,-0.7,-1.9,100.0,22.6,47.3,53.0,3.5,13.1,6.4,17.3,2.0,2.3,40.9,79,177,0.446,10.2,63,190,0.332
149,Roderick Coffee III,Sr,6-4,76,,Grambling St.,81.4,1.1,0.7,-0.7,1.3,104.2,19.8,49.6,54.2,3.7,12.4,26.8,22.6,0.3,3.1,37.6,59,135,0.437,6.9,45,120,0.375
150,Karyiek Dixon,Sr,6-5,77,,Western Illinois,40.2,1.1,-4.3,-1.4,-2.9,110.2,17.3,48.6,52.8,12.8,19.9,4.6,12.2,0.9,1.4,37.0,51,97,0.526,1.4,1,11,0.091
151,Danilo Dozic,So,6-10,82,,Pepperdine,65.7,1.1,-1.7,-0.1,-1.6,104.0,16.9,50.2,53.8,2.0,7.4,9.1,14.6,1.8,0.7,25.4,48,104,0.462,8.7,43,120,0.358
152,Jaylon Johnson,Sr,6-0,72,,Radford,70.8,1.1,-0.0,0.0,-0.0,103.9,21.0,46.5,51.2,2.7,7.3,19.2,17.5,0.7,3.6,30.3,36,84,0.429,12.5,61,190,0.321
153,Camp Wagner,Jr,6-6,78,,Indiana St.,71.9,1.1,-0.4,-0.1,-0.4,99.5,21.8,49.1,52.1,2.4,14.2,12.9,15.5,0.9,1.7,14.6,46,102,0.451,14.6,75,221,0.339
154,Emmanuel Ugbo,Sr,6-8,80,,Washington St.,32.1,1.0,-1.6,-0.7,-0.9,105.8,19.7,50.4,54.3,5.2,17.8,8.0,15.7,0.8,0.7,39.1,40,73,0.548,6.1,12,42,0.286
155,Jasper Floyd,Sr,6-3,75,,West Virginia,69.6,1.0,3.1,-2.0,5.2,104.2,16.5,52.9,55.6,2.4,13.5,21.9,24.6,0.1,4.0,31.3,67,131,0.511,3.8,23,61,0.377
156,Canin Jefferson,Jr,6-2,74,,North Alabama,54.1,1.0,-4.5,-2.2,-2.4,101.5,24.1,47.1,52.3,0.4,7.3,20.4,18.1,0.4,2.6,39.0,56,112,0.500,9.2,27,93,0.290
157,Yanis Ndjonga,Jr,6-8,80,,McNeese St.,19.8,1.0,0.6,0.7,-0.1,142.2,9.4,71.7,72.5,14.4,20.8,1.3,15.1,1.7,2.1,26.7,20,27,0.741,0.7,1,3,0.333
158,Malachi Davis,Sr,6-4,76,,LIU,77.0,1.0,-4.2,-2.2,-2.0,96.7,27.6,46.1,48.3,3.5,9.6,21.6,19.2,0.3,2.3,27.6,141,309,0.456,7.6,44,140,0.314
159,Jalen Forrest,Jr,6-5,77,,Southeastern Louisia,37.9,1.0,-0.6,0.4,-1.0,104.3,24.6,44.4,54.4,3.3,15.4,6.7,14.0,0.5,1.7,75.7,37,79,0.468,8.6,18,65,0.277
160,Milhan Charles,Fr,6-7,79,,Arkansas Pine Bluff,75.1,1.0,-2.7,-1.2,-1.5,107.9,17.1,55.7,60.5,3.7,11.9,9.2,19.3,1.8,1.5,63.2,103,175,0.589,1.6,6,26,0.231
161,Emmanuel Ogbole,Sr,6-10,82,,Rutgers,46.9,1.0,0.1,-1.1,1.2,109.4,15.4,59.8,59.4,15.3,22.0,3.8,22.3,7.3,0.9,41.1,67,112,0.598,0.0,0,0,0.000
162,Achor Achor,Sr,6-9,81,,Mississippi St.,43.9,1.0,0.2,-0.2,0.4,104.1,19.7,48.2,51.7,12.5,24.6,4.3,17.3,3.6,1.7,34.1,52,101,0.515,6.2,18,63,0.286
163,Christian Richardson,Sr,7-1,85,,Nebraska Omaha,30.0,1.0,-1.6,-2.0,0.3,115.8,18.5,74.7,71.3,7.5,11.1,0.0,20.7,5.3,1.7,69.6,59,79,0.747,0.0,0,0,0.000
164,Devon Barnes,Sr,6-1,73,,Ball St.,51.0,0.9,-1.1,-0.8,-0.3,103.5,24.2,45.3,51.1,1.3,6.2,20.8,12.7,0.0,3.0,34.9,39,97,0.402,12.1,39,118,0.331
165,Noah Bolanga,So,6-8,80,,Utah Tech,82.0,0.9,-1.3,-0.7,-0.6,98.1,20.4,48.6,50.7,3.3,17.2,12.9,18.0,1.3,2.3,21.4,80,162,0.494,9.1,51,160,0.319
166,Tyler Byrd,Jr,6-3,75,,Alabama St.,58.3,0.9,0.4,-1.3,1.8,104.7,20.1,50.2,54.7,2.3,13.3,9.2,16.2,2.6,3.7,34.7,87,162,0.537,5.8,21,74,0.284
167,Eddie Munyak,So,6-0,72,,LIU,0.2,0.9,36.3,28.2,8.1,300.0,5.1,150.0,150.0,0.0,35.8,0.0,0.0,0.0,0.0,0.0,0,0,0.000,20.8,1,1,1.000
168,Ife West-Ingram,Jr,6-7,79,,Albany,6.1,0.9,-3.5,-2.6,-0.9,125.8,12.4,66.7,66.0,0.0,15.7,0.0,7.0,0.0,2.6,11.1,12,15,0.800,2.6,0,3,0.000
169,Christian Henry,Sr,6-3,75,,Fordham,67.6,0.9,-1.5,-1.7,0.2,93.9,28.0,42.1,45.0,2.2,10.7,35.0,20.3,0.3,2.8,41.4,72,166,0.434,8.8,30,112,0.268
170,Davion Cunningham,Jr,6-3,75,,Morehead St.,66.3,0.9,-3.4,-1.4,-2.0,100.2,23.9,44.0,49.9,4.1,12.4,12.6,17.2,1.1,1.8,44.0,95,216,0.440,4.6,18,61,0.295
171,Josh Hayes,Jr,6-9,81,,Utah,32.9,0.9,-1.2,-2.1,0.9,120.7,11.2,63.8,63.8,9.4,8.3,3.7,17.4,7.3,0.3,48.3,37,58,0.638,0.0,0,0,0.000
172,Cardell Bailey,Sr,6-6,78,,Southern Indiana,60.6,0.9,-1.3,-0.0,-1.3,98.7,26.8,46.4,48.6,5.5,16.1,7.9,12.6,0.7,2.7,18.4,80,175,0.457,13.2,49,156,0.314
173,Zyier Beverly,Jr,6-9,81,,Binghamton,56.2,0.9,-4.1,-2.1,-2.0,103.0,23.7,58.7,60.3,6.0,15.9,3.6,18.0,6.0,1.3,49.2,110,187,0.588,0.8,3,8,0.375
174,Semetri (TT) Carr,Fr,6-0,72,,California,38.4,0.9,0.2,-1.1,1.3,111.1,15.3,41.0,48.0,4.4,12.2,23.3,14.0,0.7,1.5,53.2,25,59,0.424,3.9,9,35,0.257
175,Jaden Harris,Sr,6-4,76,,Kennesaw St.,36.8,0.8,-1.7,-0.9,-0.8,109.3,14.7,49.6,53.4,1.8,6.2,7.2,15.2,0.9,1.5,21.7,7,27,0.259,11.9,38,102,0.373
176,Mari Jordan,So,6-8,80,,Radford,32.0,0.8,-0.9,-1.0,0.1,121.1,16.2,53.2,60.2,7.4,13.2,9.0,14.4,4.0,1.8,37.6,36,61,0.590,4.7,9,32,0.281
177,Kye Dickson,Sr,6-7,79,,UT Rio Grande Valley,7.4,0.8,-0.1,0.4,-0.6,101.7,21.3,61.7,61.0,2.7,13.1,2.3,18.4,0.0,1.3,36.7,11,19,0.579,7.1,5,11,0.455
178,Zion Cruz,Sr,6-5,77,,Rider,76.0,0.8,-4.5,-1.2,-3.3,95.4,24.5,42.7,44.6,2.1,8.6,14.7,11.1,0.5,1.6,13.3,100,240,0.417,9.7,40,135,0.296
179,Caleb Middleton,So,6-11,83,,Elon,21.1,0.8,-2.7,-0.4,-2.3,125.2,16.6,54.8,56.4,19.0,17.6,5.9,11.1,3.8,1.4,24.2,34,62,0.548,0.0,0,0,0.000
180,Wei Lin,So,6-4,76,,Oregon,41.0,0.8,-2.8,-1.4,-1.3,97.5,22.4,43.1,48.2,1.1,4.9,19.5,17.8,0.0,1.3,28.3,31,75,0.413,12.0,31,105,0.295
181,Oleksandr Kobzystyi,Sr,6-8,80,,Oregon,14.0,0.8,0.1,-0.0,0.1,121.7,12.9,53.6,55.1,5.2,10.4,6.6,5.2,0.7,0.7,21.4,9,19,0.474,7.7,9,23,0.391
182,Jahni Summers,Jr,6-6,78,,Sacramento St.,66.0,0.8,-2.9,-1.5,-1.4,106.0,16.7,55.1,57.6,1.1,9.1,7.1,14.8,0.6,1.9,22.4,46,96,0.479,8.8,48,118,0.407
183,KJ Debrick,Sr,6-9,81,,North Carolina A&T,27.3,0.8,1.1,-0.2,1.3,115.2,19.8,47.3,52.5,11.0,21.4,8.5,8.6,10.6,1.1,47.3,40,79,0.506,2.3,2,12,0.167
184,Elijah Malone,Sr,6-10,82,,Colorado,31.2,0.8,-0.7,-1.8,1.0,108.1,17.4,52.3,54.9,9.6,15.6,9.4,18.1,2.5,1.8,20.6,50,93,0.538,1.9,4,14,0.286
185,Jaylen Wysinger,Sr,6-0,72,,Texas Southern,54.0,0.8,-0.6,-1.1,0.5,99.4,24.3,48.4,53.3,2.1,8.9,17.6,20.4,1.0,4.1,31.8,54,117,0.462,9.4,35,103,0.340
186,Fedor Zugic,Jr,6-6,78,,Creighton,40.4,0.8,-1.1,-0.9,-0.2,103.4,17.4,48.6,53.0,2.8,10.7,10.5,15.8,0.9,1.1,27.2,28,52,0.538,10.1,29,95,0.305
187,Gabe Sisk,Jr,6-6,78,,East Tennessee St.,11.4,0.7,0.4,-0.1,0.4,125.3,18.7,50.0,59.7,12.3,14.1,12.0,13.2,1.0,3.3,59.4,16,24,0.667,3.3,0,8,0.000
188,Rickey Ballard,Sr,6-7,79,,Grambling St.,57.1,0.7,0.2,-1.3,1.6,112.7,14.6,53.5,57.4,4.3,10.0,8.3,15.0,1.3,2.9,39.7,16,32,0.500,10.1,45,124,0.363
189,Madiba Owona,So,6-4,76,,Utah Tech,25.1,0.7,-2.0,-1.6,-0.5,97.6,22.1,50.0,50.8,4.2,11.5,11.7,16.7,0.3,2.9,14.9,33,71,0.465,8.0,16,43,0.372
190,Micah Simpson,Sr,6-2,74,,Alabama St.,83.0,0.7,-2.6,-1.2,-1.5,95.8,24.2,43.2,47.1,1.6,11.7,21.8,18.1,0.7,2.3,24.1,69,191,0.361,11.8,71,215,0.330
191,Karl Poom,So,6-8,80,,Northern Arizona,49.0,0.7,-6.5,-2.3,-4.2,97.1,26.8,52.9,53.5,6.9,14.4,12.2,18.0,0.2,0.8,47.1,80,141,0.567,5.4,14,50,0.280
192,Gus Hurlburt,Sr,6-9,81,,Northwestern,0.3,0.7,20.8,20.0,0.8,207.6,27.5,100.0,102.6,33.6,0.0,0.0,0.0,0.0,0.0,200.0,1,1,1.000,0.0,0,0,0.000
193,Simon Hildebrandt,Sr,6-9,81,,Washington St.,36.5,0.7,-1.5,-1.0,-0.5,110.0,15.5,57.0,59.4,3.3,11.7,6.6,18.3,0.9,1.5,28.0,16,27,0.593,10.3,30,80,0.375
194,Assane Diop,Jr,6-9,81,,San Diego,39.6,0.7,-3.5,-2.0,-1.5,106.4,17.4,55.4,56.1,10.9,20.7,9.5,20.3,2.9,0.7,22.5,41,78,0.526,4.9,17,42,0.405
195,Sencire Harris,Jr,6-4,76,,Cincinnati,39.6,0.7,2.5,-2.6,5.1,98.5,21.2,40.5,45.4,5.7,11.9,16.8,13.0,1.1,4.0,50.6,55,125,0.440,3.6,6,33,0.182
196,P.J. Eason,Sr,6-9,81,,Alabama A&M,63.2,0.7,-1.2,-1.2,0.1,106.4,17.6,54.4,57.6,10.4,19.7,8.4,20.3,6.4,1.9,85.3,74,136,0.544,0.0,0,0,0.000
197,Max Weisbrod,Sr,6-4,76,,Northern Iowa,61.5,0.7,0.1,-1.4,1.4,108.8,13.1,55.0,57.3,1.3,9.5,11.3,15.6,0.4,1.3,15.6,7,18,0.389,10.3,54,142,0.380
198,Ismail Habib,Sr,6-0,72,,Southern Indiana,72.8,0.7,-4.1,-1.1,-3.0,96.1,25.2,45.3,48.9,1.9,9.7,20.0,17.6,0.1,1.0,32.6,68,154,0.442,11.6,51,165,0.309
199,Al Green,Sr,6-3,75,,UNLV,25.3,0.7,0.9,1.1,-0.2,110.6,16.6,51.0,54.8,2.7,7.3,10.2,13.6,1.3,2.3,22.2,22,43,0.512,9.1,19,56,0.339
200,Filip Radaković,So,6-7,79,,Tennessee Martin,56.6,0.7,-4.5,-3.4,-1.1,99.4,23.3,41.0,52.4,7.5,9.4,19.1,25.4,0.0,1.9,73.3,57,125,0.456,4.2,9,47,0.191
201,Kylin Green,Sr,6-0,72,,Houston Christian,77.6,0.7,-4.6,-2.4,-2.2,95.3,24.1,39.4,46.5,3.9,10.9,29.0,20.6,0.1,1.8,49.4,72,185,0.389,5.2,21,78,0.269
202,Kerem Konan,So,6-9,81,,Creighton,18.5,0.7,0.5,-0.8,1.4,111.8,17.8,60.0,61.9,12.5,12.1,8.1,22.1,3.4,1.6,58.0,30,50,0.600,0.0,0,0,0.000
203,Myles Rice,Jr,6-3,75,,Maryland,21.2,0.7,0.4,-2.2,2.7,96.4,21.0,43.3,50.6,1.2,14.4,16.7,23.4,0.0,3.4,32.9,19,50,0.380,6.8,11,32,0.344
204,Carlos Harris III,Fr,6-1,73,,Illinois Chicago,0.2,0.7,4.0,3.4,0.6,223.2,5.9,0.0,0.0,0.0,0.0,67.4,0.0,0.0,0.0,0.0,0,0,0.000,0.0,0,0,0.000
205,Francis Okwuosah,Sr,6-6,78,,Western Illinois,53.5,0.6,-3.0,-0.9,-2.1,107.9,16.9,54.4,55.7,4.6,15.5,5.1,14.0,1.4,1.7,12.9,31,68,0.456,10.1,41,102,0.402
206,Nordin Kapic,Sr,6-8,80,,South Carolina,18.4,0.6,-0.2,0.1,-0.3,108.2,18.5,52.1,53.7,7.0,15.3,6.8,12.1,0.4,0.7,17.8,14,26,0.538,11.7,16,47,0.340
207,Scotty Middleton,Jr,6-6,78,,Tulane,63.2,0.6,-1.6,-0.8,-0.9,105.8,14.5,51.0,52.5,4.6,12.3,8.7,11.5,3.5,1.0,11.9,27,58,0.466,9.8,48,136,0.353
208,Tyler Mason,Jr,6-9,81,,Alabama St.,20.3,0.6,-5.5,-2.5,-3.0,108.2,19.8,56.0,53.9,10.0,11.7,2.7,10.2,1.4,0.7,35.7,38,74,0.514,2.2,6,10,0.600
209,Macaleab Rich,Jr,6-7,79,,UTSA,12.3,0.6,-2.6,-1.5,-1.2,95.8,25.1,54.3,57.7,6.6,9.4,5.2,25.0,4.8,1.3,43.5,22,38,0.579,3.3,2,8,0.250
210,Yaya Keita,Sr,6-9,81,,Albany,7.2,0.6,-5.9,-3.8,-2.1,115.2,18.7,47.4,53.7,15.7,8.8,11.0,15.6,0.0,2.2,47.4,9,19,0.474,0.0,0,0,0.000
211,Vasilije Kuridza,Fr,6-9,81,,Tulane,0.2,0.6,13.9,4.3,9.6,225.8,14.7,0.0,0.0,37.7,0.0,100.0,0.0,0.0,0.0,0.0,0,0,0.000,0.0,0,0,0.000
212,Jake Shapiro,Jr,6-1,73,,Tulane,0.4,0.6,68.6,59.5,9.1,300.0,7.7,150.0,150.0,0.0,0.0,0.0,0.0,0.0,0.0,0.0,0,0,0.000,34.1,3,3,1.000
213,Joul Karram,So,6-11,83,,Utah Valley,1.6,0.6,7.1,3.4,3.7,156.8,12.1,100.0,100.0,18.1,23.0,9.7,22.9,10.6,0.0,0.0,4,4,1.000,0.0,0,0,0.000
214,"Donald Whitehead, Jr.",Sr,5-10,70,,UNC Greensboro,64.9,0.6,-5.1,-2.0,-3.0,101.8,21.4,43.8,48.0,1.2,5.3,16.8,11.3,0.1,1.5,36.8,52,122,0.426,10.9,47,158,0.297
215,Samuel Murray,Jr,6-8,80,,Mississippi Valley S,14.8,0.6,-4.0,-1.6,-2.4,110.6,18.5,50.0,52.0,11.7,19.4,11.2,8.2,2.0,1.8,41.5,25,46,0.543,2.1,1,7,0.143
216,Nasir Muhammad,Jr,6-2,74,,Albany,18.7,0.5,-5.9,-1.7,-4.2,97.3,24.8,40.3,43.2,0.6,10.8,19.6,11.3,0.0,2.0,17.2,12,37,0.324,15.7,17,56,0.304
217,Mihael Tomic,Fr,6-9,81,,Incarnate Word,15.0,0.5,-5.0,-2.9,-2.1,127.6,10.3,58.8,63.9,13.8,14.6,2.2,17.6,2.0,0.7,70.6,10,17,0.588,0.0,0,0,0.000
218,Anthony Wrzeszcz,Sr,6-4,76,,New Mexico St.,61.7,0.5,-2.4,-1.5,-1.0,106.9,14.3,48.4,51.5,1.1,7.9,7.2,12.0,0.7,1.0,18.3,15,31,0.484,12.7,50,155,0.323
219,Justin Hawkins,Sr,6-7,79,,Niagara,65.3,0.5,-4.4,-2.7,-1.7,99.4,20.7,46.9,50.5,4.7,11.2,19.4,17.3,1.3,1.7,37.4,72,158,0.456,3.1,13,37,0.351
220,Cade Bennett,Jr,6-0,72,,Saint Mary's,2.0,0.5,3.4,0.6,2.8,146.1,11.9,75.0,80.8,0.0,21.6,13.6,20.0,0.0,0.0,50.0,0,0,0.000,9.5,2,4,0.500
221,Rory Stewart,Jr,6-8,80,,Florida Gulf Coast,47.0,0.5,-1.9,0.3,-2.2,108.9,15.5,48.4,49.0,5.0,9.4,5.6,7.4,0.9,1.3,6.4,17,38,0.447,14.2,49,149,0.329
222,Dylan Jones,Sr,6-5,77,,Southern Utah,58.6,0.5,-3.6,-1.1,-2.5,105.4,13.4,53.0,54.3,3.0,5.5,5.9,15.4,0.3,1.0,9.1,26,46,0.565,9.8,41,119,0.345
223,Harun Zrno,Fr,6-7,79,,Rutgers,47.3,0.5,-0.7,0.2,-0.9,98.0,18.2,49.0,51.9,2.1,8.1,6.2,17.2,0.2,1.6,19.6,17,40,0.425,14.2,52,154,0.338
224,Jojo Murphy,Sr,6-2,74,,Seattle,37.0,0.5,1.8,-0.5,2.2,100.8,20.4,47.0,50.7,3.8,13.6,16.3,14.5,0.5,2.8,24.3,34,75,0.453,9.1,25,77,0.325
225,Cam Thrower,Sr,6-3,75,,Penn,37.9,0.5,-1.1,-0.6,-0.5,101.1,19.3,47.7,52.3,3.0,8.0,13.1,19.0,0.7,1.6,24.4,25,71,0.352,7.9,25,60,0.417
226,Omari Hamilton,Sr,6-6,78,,Alcorn St.,53.5,0.5,-4.6,-2.0,-2.6,99.9,20.1,48.5,52.4,6.9,18.5,5.0,15.9,0.8,1.3,39.3,72,153,0.471,4.0,17,48,0.354
227,Shahid Muhammad,Sr,6-11,83,,Florida St.,7.4,0.5,3.2,-0.3,3.5,120.5,15.0,76.5,71.8,5.5,11.4,3.7,19.1,15.9,0.6,100.0,13,17,0.765,0.0,0,0,0.000
228,Drew Larson,Jr,6-7,79,,Niagara,18.5,0.5,-1.3,0.2,-1.5,111.2,17.4,53.1,53.5,10.1,17.1,12.7,11.8,0.6,2.1,39.6,12,20,0.600,8.2,9,28,0.321
229,Mike Evbagharu,Jr,6-4,76,,Canisius,80.7,0.5,-2.0,-1.7,-0.3,100.4,19.0,50.0,53.0,7.7,17.3,21.3,23.3,0.4,2.0,36.4,92,180,0.511,2.2,10,34,0.294
230,Daniel Mayfield,Sr,6-8,80,,Mississippi Valley S,61.7,0.5,-4.5,-2.0,-2.6,94.6,25.6,45.4,49.5,6.0,18.1,11.1,15.5,3.6,1.8,26.2,120,265,0.453,4.3,18,59,0.305
231,Marcel Bryant,Jr,6-7,79,,Prairie View A&M,8.7,0.5,-2.4,-2.8,0.4,98.8,24.5,62.5,64.8,4.7,16.7,1.9,27.4,4.4,1.9,55.6,15,27,0.556,4.3,5,9,0.556
232,Josh Hines,Jr,6-2,74,,Green Bay,1.5,0.5,0.5,1.3,-0.8,137.2,15.4,70.0,63.9,0.0,13.0,22.9,0.0,0.0,0.0,20.0,2,2,1.000,9.9,1,3,0.333
233,Damian Garcia,Sr,6-5,77,,East Texas A&M,65.9,0.5,-1.6,-0.9,-0.7,94.7,22.6,47.6,49.1,3.5,10.5,16.8,15.7,1.9,2.3,27.5,61,125,0.488,10.9,46,148,0.311
234,Josh Fulton,Sr,6-6,78,,Bucknell,6.7,0.5,-0.5,-3.9,3.4,113.2,14.2,75.0,79.5,9.3,16.7,21.6,37.6,0.0,5.3,87.5,6,7,0.857,0.7,0,1,0.000
235,Harris Dar,So,6-3,75,,Stephen F. Austin,0.9,0.5,-4.9,-4.7,-0.2,207.8,5.3,100.0,100.0,0.0,10.6,15.7,0.0,0.0,0.0,0.0,1,1,1.000,0.0,0,0,0.000
236,Hassan Perkins,Jr,6-0,72,,Coppin St.,57.5,0.5,-5.7,-2.3,-3.3,104.7,17.5,49.7,54.5,1.3,7.0,27.8,21.5,0.2,1.3,45.5,33,78,0.423,6.3,29,76,0.382
237,Julian Margrave,Jr,6-10,82,,Nebraska Omaha,13.0,0.5,-1.6,0.7,-2.3,108.2,20.5,50.8,52.5,3.2,7.5,6.6,7.5,2.4,0.4,6.7,5,10,0.500,19.2,17,50,0.340
238,Isaiah Carr,Sr,6-11,83,,Drake,27.4,0.5,-0.7,-3.6,2.8,103.0,19.3,55.6,57.3,10.2,19.7,10.4,23.3,11.4,2.2,65.3,40,71,0.563,0.2,0,1,0.000
239,Tibor Mirtic,Fr,6-9,81,,Penn St.,16.6,0.5,-2.1,-1.6,-0.5,104.3,17.4,54.3,51.7,12.9,17.6,8.7,17.7,0.6,2.2,27.7,24,44,0.545,0.8,1,3,0.333
240,Stratos Papastavrou,Fr,6-7,79,,Seattle,0.3,0.5,7.1,5.7,1.4,200.0,7.5,100.0,100.0,0.0,0.0,0.0,0.0,0.0,0.0,0.0,1,1,1.000,0.0,0,0,0.000
241,Mihailo Boskovic,Jr,6-10,82,,BYU,29.1,0.4,-0.6,-1.5,0.9,105.4,13.9,50.0,52.5,5.2,11.8,7.9,20.8,3.7,0.7,16.9,22,36,0.611,7.3,15,53,0.283
242,Kaleb Washington,Sr,6-8,80,,Florida A&M,45.3,0.4,-0.4,-1.5,1.1,96.6,23.9,48.9,53.4,4.4,13.8,15.3,22.6,2.5,3.8,33.0,68,146,0.466,3.9,14,36,0.389
243,Luke Carter,Sr,6-1,73,,Lipscomb,0.8,0.4,12.7,14.9,-2.3,187.9,13.9,100.0,100.0,24.1,0.0,0.0,0.0,0.0,0.0,0.0,0,1,0.000,11.8,2,2,1.000
244,Cameron Faas,Sr,6-7,79,,Fresno St.,47.9,0.4,-0.2,-1.1,0.9,108.3,12.5,53.5,54.5,2.8,10.5,3.5,11.6,0.6,1.6,5.6,13,29,0.448,11.0,42,113,0.372
245,AJ Riggs,So,6-3,75,,Utah Valley,1.5,0.4,2.6,4.4,-1.8,167.2,10.4,80.0,80.0,0.0,6.2,9.7,0.0,0.0,0.0,0.0,1,1,1.000,12.2,2,4,0.500
246,Leon Nahar,Jr,6-10,82,,Stony Brook,1.5,0.4,-2.1,1.3,-3.4,128.5,18.4,50.0,57.5,6.3,0.0,0.0,0.0,0.0,0.0,33.3,0,2,0.000,13.2,2,4,0.500
247,Blake Daberkow,Sr,6-10,82,,Idaho St.,19.7,0.4,-3.0,-2.7,-0.3,103.8,23.0,52.2,55.1,7.9,16.2,9.8,18.8,4.8,1.5,55.1,36,63,0.571,1.5,0,6,0.000
248,Amarion Nimmers,Jr,6-3,75,,FIU,0.9,0.4,-9.6,-5.5,-4.1,119.1,14.2,50.0,50.9,0.0,0.0,17.2,0.0,0.0,0.0,100.0,1,1,1.000,5.3,0,1,0.000
249,Kai Spears,Jr,6-2,74,,Marshall,5.1,0.4,-2.7,-5.2,2.4,129.0,14.0,36.4,52.4,9.1,11.7,12.1,6.4,0.0,4.5,81.8,4,10,0.400,0.9,0,1,0.000
250,Elijah Brooks,Sr,6-3,75,,Houston Christian,20.3,0.4,-5.0,-3.6,-1.4,91.9,27.4,44.5,47.8,4.5,14.1,23.3,19.4,0.5,3.1,52.4,32,67,0.478,3.8,3,15,0.200
251,David Mager,Sr,6-3,75,,Pepperdine,24.6,0.4,-3.7,-1.5,-2.2,102.8,18.3,45.4,47.7,3.4,5.6,4.4,4.2,1.1,1.0,18.5,25,65,0.385,8.3,16,43,0.372
252,Anouar Mellouk,Sr,6-8,80,,Morehead St.,63.0,0.4,-3.5,-2.1,-1.5,102.4,17.7,50.5,51.9,9.1,10.3,6.3,18.6,3.5,1.4,27.3,91,169,0.538,2.3,6,29,0.207
253,Sam Walters,Jr,6-9,81,,SMU,16.2,0.4,-2.9,-1.3,-1.6,108.4,14.3,52.5,52.1,5.8,6.9,6.2,16.1,1.1,0.3,1.7,9,17,0.529,11.0,15,43,0.349
254,Caleb Johnson,Sr,6-7,79,,LIU,18.1,0.4,0.2,-2.4,2.6,119.0,12.2,52.3,56.2,7.5,14.9,8.0,13.3,2.9,3.5,36.4,23,33,0.697,2.5,0,11,0.000
255,CJ Williams,Sr,6-2,74,,Auburn,0.4,0.4,15.2,20.0,-4.8,147.3,37.0,75.0,75.0,20.1,0.0,100.0,27.4,0.0,0.0,0.0,0,0,0.000,18.9,1,2,0.500
256,Brandon Benjamin,Fr,6-6,78,,San Diego,9.5,0.4,1.3,0.8,0.5,103.3,22.0,56.1,58.3,3.9,10.7,25.6,24.7,1.0,3.4,30.3,17,30,0.567,1.5,1,3,0.333
257,Ron Zipper,Fr,6-5,77,,LSU,2.5,0.4,7.4,5.6,1.8,109.4,27.9,53.6,59.4,0.0,13.4,11.6,19.0,3.3,3.6,42.9,0,2,0.000,21.1,5,12,0.417
258,Jomo Goings,Jr,6-5,77,,LIU,76.6,0.3,-2.7,-3.0,0.3,100.2,18.7,46.5,52.3,3.3,13.5,12.5,22.1,2.2,2.6,33.6,76,181,0.420,5.5,37,102,0.363
259,Tyler Shirley,Jr,6-8,80,,Florida A&M,75.5,0.3,-3.7,-3.1,-0.6,94.9,23.0,48.4,51.9,4.2,14.6,14.0,22.2,1.5,2.0,24.1,108,222,0.486,5.5,27,85,0.318
260,Jason Asemota,So,6-8,80,,Boston College,13.1,0.3,2.6,0.2,2.4,103.7,19.8,53.9,55.5,4.6,25.1,2.6,14.7,5.5,1.1,31.4,8,17,0.471,12.4,13,34,0.382
261,LeBron Thomas,Jr,6-3,75,,Green Bay,30.1,0.3,-3.3,-2.4,-0.9,100.9,21.5,48.6,56.5,4.4,15.7,14.1,22.1,0.3,1.6,108.2,34,65,0.523,1.3,1,8,0.125
262,Riley Saunders,Fr,5-11,71,,North Dakota St.,0.6,0.3,15.5,15.0,0.6,186.5,12.5,100.0,100.0,0.0,0.0,0.0,0.0,0.0,0.0,0.0,0,0,0.000,22.5,2,3,0.667
263,JP Dragas,So,6-0,72,,IU Indy,17.4,0.3,-4.3,-2.6,-1.8,103.7,17.0,51.7,54.1,2.5,8.4,12.4,18.1,0.0,3.1,23.7,5,10,0.500,12.5,17,49,0.347
264,Garrett Spielman,Fr,6-7,79,,Wyoming,1.3,0.3,12.3,6.8,5.5,131.9,21.4,66.7,66.7,20.5,7.3,12.4,16.3,0.0,7.0,0.0,1,3,0.333,10.7,2,3,0.667
265,Dominique Murphy Jr,Fr,6-5,77,,Bellarmine,0.3,0.3,-0.6,8.4,-9.1,122.6,29.0,50.0,50.0,37.0,0.0,0.0,0.0,0.0,0.0,0.0,1,2,0.500,0.0,0,0,0.000
266,Tichyque Musaka,Jr,6-11,83,,Stephen F. Austin,1.2,0.3,-2.2,3.9,-6.1,129.2,23.2,50.0,46.1,44.9,7.7,0.0,0.0,7.3,0.0,75.0,2,4,0.500,0.0,0,0,0.000
267,Cameron Jackson,So,6-8,80,,UT Arlington,41.4,0.3,-0.4,-2.1,1.7,107.3,13.3,61.3,60.1,10.6,16.2,5.9,23.3,3.0,1.3,41.3,49,80,0.613,0.0,0,0,0.000
268,Aleks Szymczyk,Jr,6-10,82,,Cal St. Northridge,13.6,0.3,-0.0,0.7,-0.7,110.9,16.0,60.5,59.1,10.2,19.3,5.6,17.0,0.7,0.9,65.8,20,28,0.714,3.0,2,10,0.200
269,Yuto Yamanouchi-Williams,Jr,6-10,82,,Oral Roberts,40.3,0.3,-5.0,-3.6,-1.4,95.9,23.8,46.0,50.8,8.8,17.1,4.5,18.4,5.1,1.1,43.8,61,123,0.496,4.6,9,39,0.231
270,Pavle Stosic,So,6-9,81,,Pepperdine,39.9,0.3,-3.2,-2.6,-0.5,104.4,13.8,47.1,48.7,12.4,14.0,8.0,16.5,3.2,1.3,41.2,34,62,0.548,2.8,4,23,0.174
271,Alex Mirhosseini,Sr,5-10,70,,Arkansas Pine Bluff,76.3,0.3,-2.8,-1.6,-1.3,97.9,19.4,46.3,49.0,1.8,6.4,15.4,15.4,0.8,2.7,21.5,30,81,0.370,13.3,72,217,0.332
272,Michael Sulaka,So,6-9,81,,Western Michigan,21.4,0.3,-3.5,-2.7,-0.8,110.4,13.6,52.1,54.5,8.2,12.8,8.8,17.0,3.4,0.2,31.9,23,44,0.523,0.7,1,3,0.333
273,Lamont Jackson,So,6-1,73,,Jacksonville,0.2,0.3,15.3,13.2,2.0,200.0,12.8,100.0,100.0,0.0,0.0,0.0,0.0,0.0,0.0,0.0,1,1,1.000,0.0,0,0,0.000
274,Alex Farley,Fr,6-1,73,,Ball St.,0.2,0.3,8.6,6.7,1.9,213.3,7.3,0.0,0.0,50.6,58.1,0.0,0.0,0.0,0.0,0.0,0,0,0.000,0.0,0,0,0.000
275,Kamari Jones,So,6-4,76,,Cleveland St.,19.3,0.3,-7.8,-2.3,-5.5,102.1,19.8,46.3,50.6,2.6,8.0,7.5,11.0,0.5,1.0,28.7,10,23,0.435,13.8,18,57,0.316
276,DarKaun King,So,6-7,79,,North Alabama,19.4,0.3,-1.7,-0.0,-1.7,107.5,15.5,49.0,51.6,9.4,17.4,3.7,14.2,1.1,2.2,25.5,13,33,0.394,5.0,8,18,0.444
277,James Nnaji,Fr,7-0,84,,Baylor,11.2,0.3,2.2,-0.6,2.8,107.3,10.7,69.2,66.2,9.5,20.5,3.1,29.4,3.5,2.0,107.7,9,13,0.692,0.0,0,0,0.000
278,Dominick Nelson,Sr,6-5,77,,Iowa St.,13.7,0.3,-2.2,-3.3,1.2,92.3,24.6,44.4,49.9,2.3,10.8,5.8,18.7,2.5,2.6,84.1,28,56,0.500,2.0,0,7,0.000
279,Kabeya Tshibangu,Sr,6-8,80,,Niagara,21.3,0.3,-3.2,-2.9,-0.2,115.4,11.4,67.6,62.8,7.2,12.3,6.8,15.7,5.5,1.0,29.7,25,37,0.676,0.0,0,0,0.000
280,Kasheem Grady II,Sr,6-5,77,,UMKC,60.3,0.3,-3.4,-2.1,-1.3,97.4,20.0,45.9,50.4,2.8,10.9,8.9,14.9,0.8,2.4,29.4,55,110,0.500,9.2,31,111,0.279
281,Joaquim ArauzMoore,So,6-1,73,,Gonzaga,1.3,0.3,6.5,2.0,4.5,147.5,10.3,100.0,76.0,6.2,11.3,7.7,0.0,0.0,3.0,66.7,0,0,0.000,9.3,2,3,0.667
282,Louis Hutchinson,Jr,6-7,79,,Alabama A&M,41.5,0.3,-4.1,-1.9,-2.2,110.8,12.3,49.0,52.8,4.1,8.1,6.7,10.6,0.9,0.8,25.5,18,41,0.439,6.7,20,57,0.351
283,Braylhan Thomas,So,6-6,78,,Winthrop,2.1,0.2,-8.1,-3.2,-5.0,105.0,22.8,37.5,43.2,4.0,8.7,7.9,0.0,4.6,0.0,33.3,3,8,0.375,8.5,1,4,0.250
284,Eian Lowe,Fr,5-10,70,,Lamar,44.8,0.2,-2.4,-3.2,0.8,100.4,17.4,45.5,48.9,2.5,7.9,25.9,22.8,0.2,3.1,39.6,28,72,0.389,4.5,15,39,0.385
285,Emmanuel Stephen,So,7-0,84,,UNLV,25.6,0.2,-3.2,-3.6,0.4,101.8,14.4,51.6,50.4,14.6,16.2,2.9,20.0,4.7,1.6,41.9,32,62,0.516,0.0,0,0,0.000
286,Ilija Milijasevic,Fr,6-2,74,,DePaul,9.2,0.2,0.2,-2.1,2.3,109.4,13.8,53.6,55.2,0.0,7.1,12.8,14.5,0.0,3.5,14.3,0,0,0.000,14.0,10,28,0.357
287,JJ White,Sr,6-1,73,,Baylor,2.0,0.2,-6.2,-2.9,-3.3,117.2,8.5,50.0,50.0,0.0,12.9,0.0,0.0,0.0,0.0,0.0,0,0,0.000,13.1,2,6,0.333
288,Eric Baldassarre,So,6-4,76,,West Georgia,2.7,0.2,-3.9,-0.2,-3.7,131.7,10.8,56.3,56.3,6.6,7.2,0.0,0.0,0.0,0.0,0.0,0,0,0.000,13.9,3,8,0.375
289,Makhai Anderson,So,6-6,78,,Wagner,13.7,0.2,-4.4,-3.0,-1.4,107.0,17.7,46.9,51.3,11.9,15.9,7.5,15.4,1.4,1.2,71.9,12,27,0.444,2.0,2,5,0.400
290,Max Laskey,Fr,6-5,77,,Northern Illinois,0.6,0.2,1.4,5.7,-4.3,150.1,11.6,75.0,75.0,0.0,0.0,0.0,0.0,0.0,0.0,0.0,0,0,0.000,17.1,1,2,0.500
291,Connor Gal,Sr,6-4,76,,Temple,0.6,0.2,-6.1,-0.6,-5.5,116.9,26.0,60.0,60.0,0.0,0.0,0.0,0.0,0.0,0.0,0.0,3,3,1.000,16.4,0,2,0.000
292,Kyle Edison,So,6-4,76,,Southeastern Louisia,19.8,0.2,-2.0,-3.2,1.2,95.1,23.1,44.5,49.6,5.8,13.4,20.6,21.0,0.5,3.3,57.8,15,26,0.577,9.6,9,38,0.237
293,Prince Johnson,Jr,6-8,80,,Eastern Illinois,24.3,0.2,-5.6,-5.1,-0.6,116.2,9.4,46.9,54.1,9.9,14.2,0.7,10.8,4.9,1.2,75.0,15,32,0.469,0.0,0,0,0.000
294,Mihailo Petrovic,So,6-3,75,,Illinois,7.2,0.2,-3.4,-2.8,-0.6,91.0,26.3,36.1,39.9,5.5,8.9,33.0,28.0,0.0,1.7,16.7,10,26,0.385,5.7,2,10,0.200
295,Elijah Kennedy,Sr,6-3,75,,Hampton,21.7,0.2,0.7,-1.1,1.8,100.5,18.2,44.4,46.4,3.3,11.8,11.9,10.1,1.7,3.5,24.7,24,51,0.471,6.9,8,30,0.267
296,Cameron Tweedy,Sr,6-4,76,,Saint Francis,33.2,0.2,-5.5,-2.2,-3.3,107.8,13.5,55.6,56.7,6.3,14.1,6.2,16.4,0.9,0.7,21.0,45,80,0.563,0.1,0,1,0.000
297,Will Kuykendall,So,6-2,74,,Baylor,1.8,0.2,-5.3,-0.7,-4.7,104.2,25.6,65.0,68.5,0.0,9.9,0.0,29.0,0.0,0.0,20.0,2,4,0.500,14.6,3,6,0.500
298,Nikola Radovanovic,Fr,6-9,81,,Pepperdine,6.2,0.2,-3.8,-3.3,-0.5,108.1,15.0,50.0,56.5,10.6,12.6,7.7,20.5,1.5,1.5,61.5,5,9,0.556,3.1,1,4,0.250
299,Jimel Lane,Sr,6-7,79,,Grambling St.,46.8,0.2,-2.9,-3.0,0.1,95.8,20.5,44.6,50.3,7.3,16.9,9.9,20.3,2.3,2.4,36.3,63,135,0.467,3.3,8,33,0.242
300,Ismael Diouf,Sr,6-9,81,,Northern Iowa,24.5,0.2,-2.7,-4.0,1.3,94.2,21.7,48.4,49.4,6.7,7.6,18.3,21.9,2.6,1.1,11.7,29,49,0.592,8.2,11,45,0.244
301,Kajus Kublickas,So,6-2,74,,Pacific,48.9,0.2,-3.8,-3.4,-0.4,92.2,21.2,42.7,47.2,2.4,11.8,24.9,27.3,0.2,1.2,32.5,34,81,0.420,7.6,22,76,0.289
302,Israel Hart,Sr,6-3,75,,Southern Miss,52.9,0.2,-2.2,-2.4,0.3,96.3,19.7,43.1,48.3,1.2,8.8,11.7,17.7,1.4,2.9,28.0,37,95,0.389,10.6,40,130,0.308
303,Robert Lewis,Jr,6-9,81,,Lindenwood,39.4,0.2,-4.6,-4.0,-0.6,108.2,13.2,59.2,57.0,8.4,14.5,3.5,16.6,3.5,0.5,32.7,55,89,0.618,1.0,2,9,0.222
304,Tyler Coleman,Sr,6-7,79,,Towson,47.9,0.2,-1.8,-3.4,1.6,103.6,13.9,50.0,53.0,5.6,14.1,2.2,18.2,2.0,2.1,33.6,46,94,0.489,2.8,10,28,0.357
305,Joseph Thomas,So,6-3,75,,Little Rock,11.2,0.1,-7.1,-4.0,-3.2,103.6,15.7,50.0,52.0,3.4,5.9,4.1,14.0,0.0,2.2,13.2,4,16,0.250,9.7,10,22,0.455
306,Kelvin Odih,Fr,6-4,76,,St. John's,3.7,0.1,-0.8,-2.5,1.6,98.6,20.5,46.7,47.0,23.7,13.9,6.3,24.9,3.6,3.1,13.3,7,14,0.500,1.0,0,1,0.000
307,Brit Harris,Sr,6-5,77,,FIU,46.0,0.1,-0.6,-1.8,1.2,102.3,14.6,47.8,49.2,1.0,13.2,13.4,16.2,0.9,3.0,20.6,23,43,0.535,9.6,28,93,0.301
308,Kevin Pazmino,Jr,6-4,76,,Nicholls St.,5.9,0.1,-6.3,-2.6,-3.8,112.1,12.4,57.1,57.1,0.0,1.7,0.0,6.2,0.0,0.8,0.0,0,1,0.000,15.4,8,20,0.400
309,Preston Lee,So,5-11,71,,Portland,0.6,0.1,-1.1,0.5,-1.6,140.9,10.5,100.0,76.9,0.0,0.0,0.0,0.0,0.0,0.0,200.0,1,1,1.000,0.0,0,0,0.000
310,Brendan Yarusso,Sr,6-1,73,,Santa Clara,0.7,0.1,24.5,25.8,-1.3,126.5,20.0,50.0,57.5,0.0,26.4,0.0,0.0,0.0,0.0,33.3,0,1,0.000,66.1,4,11,0.364
311,Bourgeois Tshilobo,Fr,6-8,80,,Weber St.,0.6,0.1,-7.6,0.4,-8.1,104.0,31.1,25.0,25.0,47.1,0.0,25.3,0.0,0.0,0.0,0.0,1,4,0.250,0.0,0,0,0.000
312,Noah Shelby,Jr,6-3,75,,Texas A&M,1.6,0.1,-8.5,-3.4,-5.1,106.6,23.1,30.0,42.0,9.9,0.0,0.0,0.0,0.0,2.5,40.0,0,0,0.000,24.9,2,10,0.200
313,Michael Folarin,Sr,6-10,82,,East Texas A&M,19.8,0.1,-6.1,-4.4,-1.7,94.5,20.5,44.4,50.4,11.0,19.7,6.9,20.3,3.2,0.5,75.9,24,52,0.462,0.5,0,2,0.000
314,Christian Meeks,Jr,6-6,78,,Morgan St.,71.9,0.1,-5.5,-3.4,-2.2,110.2,11.2,55.4,57.5,9.3,12.9,4.5,18.7,0.7,1.1,70.3,53,92,0.576,0.7,2,9,0.222
315,Sven Djopmo,Jr,6-2,74,,Arizona,2.1,0.1,3.7,0.5,3.2,115.5,16.1,57.1,53.3,3.6,9.1,19.3,10.6,0.0,1.7,71.4,4,5,0.800,3.4,0,2,0.000
316,Jalen Cunningham,So,6-2,74,,UNLV,1.0,0.1,1.8,2.3,-0.5,124.0,9.7,50.0,50.0,0.0,8.3,11.7,0.0,7.9,0.0,0.0,0,0,0.000,12.3,1,3,0.333
317,Khali Horton,Jr,6-8,80,,Coppin St.,49.5,0.1,-4.6,-2.1,-2.5,97.7,19.4,45.1,49.1,2.1,10.7,9.5,14.4,1.3,1.8,30.7,22,71,0.310,11.7,43,121,0.355
318,Damon Strand,Sr,6-3,75,,La Salle,16.5,0.1,-2.3,-2.1,-0.2,99.2,15.2,43.1,46.6,1.1,6.5,8.1,11.5,0.6,2.4,15.5,7,18,0.389,11.7,12,40,0.300
319,Omar Adegbola,So,6-4,76,,Northwestern St.,21.5,0.1,-4.4,-3.2,-1.2,93.2,20.6,41.0,49.0,4.8,11.3,5.0,17.2,0.0,3.3,43.1,16,44,0.364,6.6,9,28,0.321
320,Marshal Destremau,Jr,6-9,81,,UT Rio Grande Valley,10.3,0.1,-1.7,-4.1,2.5,96.0,21.6,45.6,50.5,10.7,15.3,7.1,21.5,5.3,3.7,47.1,8,21,0.381,6.1,5,13,0.385
321,David Giddens,Jr,6-7,79,,Cleveland St.,14.1,0.1,-6.6,-1.5,-5.1,100.9,16.6,51.0,51.5,2.1,8.2,6.9,12.1,0.0,0.7,13.5,10,14,0.714,12.6,11,38,0.289
322,Kasean Pryor,Sr,6-10,82,,Louisville,10.6,0.1,-0.4,-3.6,3.2,91.3,20.5,46.9,47.5,6.3,24.0,7.0,20.5,3.0,3.4,25.0,15,26,0.577,8.3,5,22,0.227
323,AJ Hopkins,Sr,6-6,78,,Tennessee Martin,22.3,0.1,-1.5,-3.0,1.4,106.0,14.5,45.6,49.6,3.4,14.7,6.1,13.9,3.6,2.7,23.5,4,10,0.400,13.0,18,58,0.310
324,Grant Kepley,So,6-4,76,,Montana,46.8,0.1,-4.0,-3.9,-0.1,94.3,20.1,46.8,52.0,1.4,11.6,22.3,24.4,0.2,1.6,55.2,36,79,0.456,4.6,15,46,0.326
325,Cole Alexander,Sr,6-7,79,,Fairleigh Dickinson,0.4,0.1,-7.3,-2.3,-4.9,126.2,16.2,0.0,52.6,26.0,30.2,0.0,0.0,0.0,0.0,0.0,0,0,0.000,0.0,0,0,0.000
326,Jaden Baker,Sr,6-2,74,,Wagner,57.9,0.1,-4.5,-2.2,-2.2,96.2,19.3,45.5,48.4,1.6,11.5,17.5,20.7,1.2,1.0,18.6,39,107,0.364,7.5,31,81,0.383
327,Ty Price,Fr,5-10,70,,Tennessee Martin,4.7,0.1,-7.7,-5.3,-2.4,96.4,24.6,45.5,52.3,0.0,7.7,3.9,21.6,0.0,1.1,36.4,1,4,0.250,19.2,6,18,0.333
328,Angok Anyang,Jr,6-9,81,,Alabama A&M,14.1,0.1,-6.9,-5.3,-1.6,109.7,11.9,56.5,56.0,11.9,9.8,5.8,20.5,2.0,0.7,34.8,13,21,0.619,0.7,0,2,0.000
329,Ibrahim Olajuwon,Jr,6-10,82,,FIU,33.8,0.1,-3.1,-4.0,0.8,102.2,14.2,53.0,54.0,8.3,14.9,1.8,18.8,6.2,2.1,38.6,44,82,0.537,0.1,0,1,0.000
330,Cole Pepe,Fr,6-4,76,,Grand Canyon,0.8,0.1,-5.3,-4.1,-1.1,123.2,13.8,50.0,50.0,12.1,22.9,0.0,0.0,0.0,0.0,0.0,0,0,0.000,16.9,1,3,0.333
331,David Onanina,Jr,6-8,80,,Bethune Cookman,4.1,0.1,-7.1,-5.7,-1.5,103.5,14.2,58.3,54.0,9.2,15.0,3.8,15.4,1.9,0.0,16.7,7,12,0.583,0.0,0,0,0.000
332,Bryson Wilson,Jr,6-5,77,,Binghamton,64.3,0.1,-5.9,-2.8,-3.1,94.5,22.3,44.1,51.7,6.6,12.3,7.5,18.9,2.2,1.7,53.1,69,147,0.469,3.9,11,47,0.234
333,Langston Binns,Sr,6-2,74,,Southern Utah,1.0,0.1,-4.3,1.8,-6.1,85.4,30.1,50.0,50.0,0.0,0.0,0.0,16.8,0.0,0.0,0.0,2,3,0.667,19.3,1,4,0.250
334,Ahjany Lee,Jr,6-8,80,,Houston Christian,6.1,0.1,-5.7,-5.3,-0.4,115.2,8.4,71.4,71.4,11.5,6.9,2.7,30.0,9.4,0.0,0.0,5,7,0.714,0.0,0,0,0.000
335,Hobert Grayson IV,Sr,6-4,76,,Mississippi,2.0,0.1,4.7,0.7,4.0,99.7,17.0,42.9,44.0,12.1,15.9,6.3,12.1,4.3,4.1,28.6,3,6,0.500,2.1,0,1,0.000
336,Panagiotis Pagonis,Fr,6-9,81,,New Orleans,39.7,0.1,-3.7,-3.1,-0.5,100.5,14.2,39.8,46.3,5.6,13.2,10.5,16.7,0.4,1.4,46.3,25,59,0.424,5.3,12,49,0.245
337,Uroš Paunović,Jr,6-3,75,,Connecticut,0.9,0.1,-2.0,-2.6,0.7,128.9,7.1,50.0,50.0,0.0,16.7,11.6,0.0,0.0,0.0,0.0,1,1,1.000,4.2,0,1,0.000
338,Tyler Jones,So,6-2,74,,UC Riverside,31.7,0.1,-4.5,-4.3,-0.3,105.0,11.6,44.4,48.4,2.4,8.2,11.7,12.7,0.0,1.6,25.4,6,16,0.375,8.1,17,55,0.309
339,Chase Williams,Fr,6-8,80,,The Citadel,2.2,0.1,-5.4,-1.8,-3.6,121.4,7.5,33.3,33.3,8.5,14.4,13.7,0.0,0.0,0.0,0.0,1,3,0.333,0.0,0,0,0.000
340,JoJo Fullwood,Sr,6-2,74,,UNC Wilmington,0.9,0.1,3.4,2.4,1.0,127.8,6.1,0.0,52.6,9.6,0.0,0.0,0.0,10.7,0.0,0.0,0,0,0.000,0.0,0,0,0.000
341,Thomas Tut,Sr,6-10,82,,Jacksonville St.,5.9,0.1,-1.8,-2.6,0.7,103.4,14.8,50.0,53.3,3.4,15.4,8.9,17.7,7.5,0.0,26.7,3,10,0.300,4.4,3,5,0.600
342,Cam Estevez,Jr,6-3,75,,Fairfield,17.0,0.1,-5.2,-2.8,-2.4,99.8,17.4,43.3,44.9,2.8,8.9,14.2,15.3,0.5,1.1,13.4,11,37,0.297,8.0,12,30,0.400
343,Addison Archer,Jr,6-9,81,,Northern Kentucky,8.0,0.0,-5.6,-5.1,-0.5,116.1,9.3,45.0,50.6,12.2,9.7,4.6,18.1,4.5,0.6,60.0,3,8,0.375,1.1,1,2,0.500
344,Spencer Legg,Sr,6-7,79,,Louisville,0.6,0.0,6.0,8.9,-2.9,106.3,20.0,62.5,70.7,27.0,25.0,48.1,38.2,0.0,0.0,50.0,1,1,1.000,20.1,1,3,0.333
345,Horace Simmons,So,6-6,78,,Drexel,5.2,0.0,-4.4,-2.9,-1.5,99.1,17.7,42.5,45.7,5.3,10.4,6.1,10.4,1.6,0.0,20.0,4,9,0.444,10.1,3,11,0.273
346,Tim Eze,So,6-7,79,,UMBC,4.6,0.0,-5.8,-4.4,-1.4,100.4,17.9,50.0,50.0,6.6,9.8,3.5,11.7,0.0,2.1,0.0,9,14,0.643,4.2,0,4,0.000
347,Antwaun Massey,Sr,6-8,80,,Western Illinois,46.9,0.0,-6.5,-4.5,-2.1,91.3,23.0,49.7,49.9,6.1,11.6,9.9,19.1,3.4,1.5,55.0,72,148,0.486,0.3,2,3,0.667
348,John Awoke,Jr,6-3,75,,Wagner,57.9,0.0,-4.2,-2.5,-1.7,101.4,16.0,50.0,52.0,2.5,10.8,13.8,20.8,0.3,0.9,15.2,28,72,0.389,8.0,34,86,0.395
349,Max Smith,Sr,6-1,73,,Mississippi,1.9,0.0,-2.4,-2.9,0.5,90.4,22.2,30.0,42.0,0.0,8.4,6.3,9.8,4.5,2.2,40.0,0,0,0.000,21.6,2,10,0.200
350,Aidan Rubio,Sr,6-7,79,,Eastern Michigan,24.4,0.0,-0.9,-1.2,0.3,97.9,16.7,46.3,47.6,4.3,10.7,8.3,13.1,1.8,2.2,15.9,20,38,0.526,8.8,12,44,0.273
351,Doug Young,Sr,6-0,72,,Prairie View A&M,4.2,0.0,-5.8,-2.1,-3.7,85.4,24.0,50.0,50.0,6.0,4.1,8.2,25.1,0.0,1.0,0.0,8,14,0.571,7.9,2,8,0.250
352,D.J. Jefferson,Jr,6-5,77,,Gardner Webb,36.5,0.0,-4.2,-1.1,-3.1,88.3,24.3,49.1,50.4,3.0,15.9,5.8,19.6,2.2,1.9,19.5,38,81,0.469,11.3,30,88,0.341
353,Samuel Ariyibi,Sr,6-8,80,,Utah Tech,23.2,0.0,-3.4,-3.5,0.1,92.1,18.7,41.5,47.5,10.8,10.1,9.4,24.6,2.8,3.2,55.9,23,50,0.460,1.8,1,9,0.111
354,Jasteven Walker,Sr,6-10,82,,Alabama St.,20.5,0.0,-4.0,-3.6,-0.4,101.2,16.0,47.0,48.9,8.7,14.3,4.6,15.2,3.2,2.0,23.9,18,38,0.474,6.4,9,29,0.310
355,Stefano Faloppa,Sr,6-9,81,,New Haven,67.1,0.0,-4.3,-3.6,-0.7,103.3,14.0,53.1,55.1,5.8,14.7,10.5,19.1,1.3,0.9,26.4,43,76,0.566,4.4,17,53,0.321
356,Elijah Brown,Fr,6-4,76,,Wagner,9.4,0.0,-7.9,-5.7,-2.2,107.8,11.6,58.3,60.0,2.2,3.3,3.6,19.7,0.0,1.1,33.3,6,13,0.462,2.9,3,5,0.600
357,Ayuba Bryant Jr.,Fr,6-9,81,,Temple,16.9,-0.0,-3.5,-4.5,1.0,101.4,13.2,57.1,55.1,5.7,17.2,3.5,17.6,3.2,2.3,103.6,16,27,0.593,0.3,0,1,0.000
358,CJ Evans,Jr,5-11,71,,UMKC,74.6,-0.0,-6.3,-3.9,-2.4,89.3,24.8,43.6,47.1,1.9,7.2,26.1,21.2,0.1,2.7,29.3,113,250,0.452,3.1,11,47,0.234
359,Jake Stout,So,6-5,77,,UMBC,1.8,-0.0,-8.4,-4.4,-4.0,99.4,16.5,35.7,35.7,5.5,4.9,15.3,0.0,0.0,0.0,0.0,1,2,0.500,13.4,1,5,0.200
360,Maurio Hanson Jr.,So,6-7,79,,Maryland Eastern Sho,14.9,-0.0,-3.2,-3.0,-0.2,95.7,18.2,51.3,54.8,8.2,17.2,10.7,26.0,3.5,1.4,47.4,18,35,0.514,1.0,1,3,0.333
361,Omer Hamama,Fr,6-2,74,,Kent St.,10.7,-0.0,-5.4,-4.5,-0.9,94.6,19.0,39.1,46.3,0.8,12.1,34.5,29.4,0.0,2.4,31.3,11,23,0.478,3.6,1,9,0.111
362,Arne Osojnik,Jr,6-6,78,,Northern Arizona,34.9,-0.0,-4.2,-3.1,-1.2,89.4,23.3,44.0,46.0,2.7,17.5,12.2,14.9,1.8,2.7,10.7,45,97,0.464,8.0,14,53,0.264
363,Keegan Rowell,So,6-2,74,,Louisiana Tech,1.6,-0.0,-10.7,-6.1,-4.6,97.5,14.6,75.0,75.0,5.5,5.6,0.0,41.0,0.0,0.0,0.0,0,0,0.000,12.2,2,4,0.500
364,Lamine Niang,Jr,6-9,81,,Tennessee Martin,15.1,-0.0,-4.6,-5.5,0.8,99.2,16.3,55.8,53.4,11.8,10.3,6.2,22.4,10.5,0.3,18.6,24,43,0.558,0.0,0,0,0.000
365,Mekhi Reid,Sr,6-4,76,,Norfolk St.,1.2,-0.0,-6.3,-4.6,-1.7,105.5,10.8,150.0,102.6,0.0,18.7,0.0,40.9,0.0,0.0,200.0,0,0,0.000,4.3,1,1,1.000
366,Yancarlos Cueto,Fr,6-5,77,,North Carolina A&T,1.5,-0.0,-11.6,-6.8,-4.8,89.4,24.2,42.9,44.0,7.1,26.4,0.0,14.1,0.0,0.0,28.6,0,2,0.000,17.1,2,5,0.400
367,Jannoy Thomas,Jr,5-11,71,,Prairie View A&M,20.5,-0.0,-3.7,-3.2,-0.5,106.8,10.7,55.9,57.5,5.2,8.7,8.6,20.9,1.1,2.4,58.8,19,33,0.576,0.2,0,1,0.000
368,Bryson Ogletree,Jr,6-4,76,,North Carolina A&T,46.2,-0.0,-4.4,-3.2,-1.2,108.3,10.4,58.2,58.3,2.1,7.1,9.6,21.4,0.6,1.1,20.3,22,31,0.710,5.3,16,48,0.333
369,Pierre Geneste Jr.,Sr,7-0,84,,Cal St. Bakersfield,37.3,-0.0,-2.2,-2.4,0.2,104.8,10.1,60.9,55.7,14.3,25.8,2.4,24.2,8.1,1.4,56.5,28,46,0.609,0.0,0,0,0.000
370,Ognjen Stankovic,Fr,6-8,80,,Akron,7.3,-0.0,-4.1,-3.8,-0.3,92.6,19.8,44.7,49.9,8.8,14.8,9.0,26.7,2.4,2.9,89.5,7,15,0.467,2.3,1,4,0.250
371,Cameron Piggee,Jr,6-0,72,,NJIT,6.7,-0.0,-5.3,-2.3,-3.0,93.3,18.7,40.0,43.8,1.3,5.2,18.9,14.8,0.0,1.4,20.0,1,5,0.200,13.8,6,20,0.300
372,Cooper Bean,Jr,6-4,76,,Indiana St.,4.7,-0.0,-3.7,-3.4,-0.3,90.8,16.4,50.0,46.3,4.1,3.8,21.7,24.6,0.0,3.0,16.7,3,3,1.000,9.1,2,9,0.222
373,Jarred Hall,Jr,6-8,80,,Middle Tennessee,5.0,-0.0,-6.7,-8.4,1.7,89.5,19.7,55.9,55.9,3.9,12.0,10.4,30.9,3.7,2.0,0.0,5,7,0.714,10.1,3,10,0.300
374,Nehikhare Igiehon,Sr,6-7,79,,Houston Christian,13.5,-0.1,-9.1,-7.2,-1.9,93.4,19.0,53.7,52.5,8.2,18.0,4.1,20.0,5.0,0.8,39.0,22,40,0.550,0.4,0,1,0.000
375,Jaiden Cole,Jr,6-4,76,,Towson,2.6,-0.1,-6.5,-3.3,-3.1,86.1,23.5,26.9,35.8,0.0,10.5,11.8,8.1,0.0,0.0,38.5,2,2,1.000,20.6,1,11,0.091
376,A.J. Wills,Jr,6-2,74,,Hofstra,11.5,-0.1,-4.9,-3.6,-1.3,97.2,15.7,40.9,43.6,1.5,2.1,8.4,12.8,0.0,1.6,9.1,6,22,0.273,8.8,8,22,0.364
377,Jalen Tatum,Jr,6-4,76,,Jackson St.,22.0,-0.1,-5.3,-3.1,-2.2,94.3,18.6,39.8,47.4,5.0,5.7,14.0,18.6,0.7,2.1,84.4,18,52,0.346,2.3,5,12,0.417
378,Vianney Salatchoum,Sr,6-10,82,,TCU,8.7,-0.1,-1.4,-5.2,3.8,92.5,13.3,52.2,53.2,8.2,12.9,2.9,28.3,11.1,0.9,13.0,12,23,0.522,0.0,0,0,0.000
379,Sivert Wærstad Nordheim,Fr,6-6,78,,Indiana St.,4.8,-0.1,-8.3,-4.9,-3.4,88.2,18.7,35.7,40.1,2.0,5.7,6.5,5.3,1.7,1.0,14.3,6,12,0.500,8.9,1,9,0.111
380,Jakob Blakley,So,6-0,72,,Le Moyne,40.1,-0.1,-6.5,-3.6,-2.9,103.4,13.8,47.5,51.4,1.7,6.2,6.8,10.9,0.0,0.2,20.2,16,35,0.457,9.7,27,84,0.321
381,Tarique Foster,Jr,6-8,80,,Albany,38.9,-0.1,-3.0,-1.6,-1.5,100.8,16.0,48.8,50.0,2.1,11.2,8.0,16.0,2.4,2.0,14.0,14,31,0.452,12.2,30,90,0.333
382,Kelson Gebbers,So,6-7,79,,Portland,5.5,-0.1,-6.7,-6.3,-0.4,99.7,9.9,60.0,59.4,3.6,13.0,4.9,24.6,3.5,0.8,20.0,3,3,1.000,5.7,2,7,0.286
383,Ivan Spirov,Jr,6-8,80,,Cleveland St.,8.7,-0.1,-11.4,-4.9,-6.5,97.3,15.2,52.1,52.1,12.6,11.1,3.6,24.6,0.0,0.0,0.0,8,16,0.500,4.3,3,8,0.375
384,Ladontae Felton,Fr,6-2,74,,East Carolina,0.6,-0.1,-12.7,-8.0,-4.7,84.7,18.5,0.0,33.9,0.0,0.0,0.0,0.0,0.0,0.0,100.0,0,1,0.000,7.9,0,1,0.000
385,Abdou Samb,Sr,6-8,80,,Towson,2.7,-0.1,-7.2,-8.8,1.5,108.6,7.1,40.0,40.0,3.1,3.3,5.2,0.0,0.0,1.8,0.0,2,5,0.400,0.0,0,0,0.000
386,Kingston Price,So,6-2,74,,Fordham,10.8,-0.1,-5.4,-6.8,1.5,101.0,11.8,52.1,52.1,1.8,4.6,10.3,20.9,0.0,2.0,0.0,8,12,0.667,5.9,3,12,0.250
387,Alex Massung,So,6-4,76,,Penn,4.0,-0.1,-5.3,-3.4,-1.9,85.0,20.8,30.8,37.9,4.7,9.7,18.8,17.8,0.0,1.2,46.2,4,13,0.308,0.0,0,0,0.000
388,Luke Brown,Fr,6-9,81,,American,7.0,-0.1,-4.1,-3.6,-0.5,105.1,10.0,36.4,41.8,8.4,17.4,8.2,14.4,1.5,2.1,18.2,4,9,0.444,1.4,0,2,0.000
389,Neel Beniwal,Jr,6-5,77,,San Diego,0.9,-0.1,-8.9,-6.0,-2.9,86.2,11.8,75.0,75.0,0.0,21.6,0.0,41.9,0.0,0.0,0.0,0,0,0.000,10.4,1,2,0.500
390,Mohamed Keita,Sr,7-1,85,,Temple,7.9,-0.1,-0.2,-2.7,2.5,100.1,9.7,36.4,37.2,10.9,11.0,1.8,6.4,12.5,1.9,72.7,4,11,0.364,0.0,0,0,0.000
391,Josh Hill,So,6-11,83,,Robert Morris,26.7,-0.1,-6.8,-5.1,-1.6,90.6,23.9,50.8,50.8,7.9,23.4,4.0,24.0,2.7,0.7,19.8,40,71,0.563,9.9,16,55,0.291
392,Cameron Clark,Sr,6-10,82,,South Carolina St.,42.9,-0.1,-7.4,-4.9,-2.6,92.0,23.0,44.5,48.7,10.5,17.1,8.8,20.7,3.5,1.3,54.2,69,155,0.445,0.0,0,0,0.000
393,Tyrique Brooks,So,6-4,76,,Missouri St.,11.1,-0.1,-6.9,-5.5,-1.4,89.0,19.3,44.6,49.3,5.9,4.5,12.3,26.8,1.6,2.2,71.4,8,16,0.500,5.1,3,12,0.250
394,Nevin Ibroci,Fr,6-2,74,,Binghamton,2.2,-0.1,-17.5,-13.1,-4.3,89.1,13.6,42.9,42.9,0.0,9.8,0.0,0.0,0.0,0.0,0.0,0,0,0.000,16.9,2,7,0.286
395,Jalin Rice,Sr,6-3,75,,Nicholls St.,39.5,-0.1,-6.0,-4.8,-1.3,91.2,19.5,43.8,48.0,6.4,11.4,11.0,21.8,0.5,2.1,52.1,44,91,0.484,3.5,6,30,0.200
396,Caden Huttenlocker,Sr,6-2,74,,Indiana St.,0.9,-0.1,-15.9,-5.7,-10.2,66.2,25.7,25.0,25.0,11.2,0.0,0.0,0.0,0.0,0.0,0.0,0,1,0.000,26.4,1,5,0.200
397,A.J. Neal,Sr,6-2,74,,LIU,8.3,-0.1,-4.8,-4.0,-0.8,95.5,15.5,52.2,54.2,1.0,4.9,15.9,29.1,1.8,2.0,26.1,6,15,0.400,4.0,4,8,0.500
398,Piotr Winkowski,Jr,6-10,82,,San Diego,5.6,-0.1,-0.1,-4.5,4.4,83.8,21.4,50.0,49.5,8.2,19.8,8.0,27.2,16.8,3.3,68.8,8,16,0.500,0.0,0,0,0.000
399,Dante Oliver,So,6-5,77,,North Florida,30.3,-0.1,-5.9,-3.2,-2.7,106.5,9.7,47.2,49.6,4.1,8.2,5.0,11.0,0.3,0.9,41.5,7,21,0.333,4.9,12,32,0.375
400,Kavon Bradford,So,6-1,73,,Northern Arizona,35.4,-0.1,-7.5,-5.2,-2.3,88.6,22.8,42.6,48.0,1.5,11.7,17.3,20.8,0.9,2.1,55.6,40,94,0.426,2.1,4,14,0.286
